0 0.55953 0.523378 0.0118542 0.0235071
0 0.894564 0.740175 0.0126633 0.02329
0 0.766068 0.139907 0.0122156 0.031211
0 0.00927246 0.940916 0.0185449 0.0211993
0 0.247581 0.464117 0.0389238 0.0259229
0 0.240372 0.792836 0.018537 0.0244841
0 0.926743 0.857709 0.0169854 0.0178861
0 0.0649514 0.240406 0.017543 0.0269141
0 0.21686 0.526702 0.0247681 0.0319135
0 0.306466 0.781331 0.0163011 0.0343666
0 0.932765 0.822946 0.0120922 0.0211359
0 0.606216 0.673264 0.00969659 0.028315
0 0.164857 0.390635 0.0216039 0.018906
0 0.459681 0.679638 0.0145947 0.03682
0 0.308328 0.779576 0.0129659 0.030264
0 0.988218 0.312275 0.0208984 0.0130948
0 0.0419884 0.886931 0.0182135 0.0235415
0 0.782782 0.10738 0.0179636 0.0262781
0 0.221804 0.662043 0.027288 0.0388339
0 0.265168 0.824037 0.0220639 0.0270386
0 0.901019 0.895018 0.0168518 0.0316833
3 0.324497 0.530166 0.0229948 0.0211776
0 0.0181925 0.902856 0.0156628 0.0239484
0 0.253628 0.74742 0.0241035 0.0202398
0 0.216876 0.657623 0.0186767 0.0360173
0 0.833694 0.179853 0.00971832 0.0230556
0 0.268188 0.476145 0.0185521 0.0316187
0 0.375293 0.736813 0.0186434 0.0368555
3 0.428709 0.402487 0.0184451 0.0134426
0 0.372156 0.329478 0.020678 0.0364269
0 0.538204 0.688404 0.0099444 0.0341896
2 0.538095 0.688463 0.00994226 0.032511
0 0.225048 0.666016 0.0159147 0.0308377
0 0.409866 0.484809 0.0176577 0.0344383
0 0.785559 0.194754 0.0150753 0.0227516
0 0.468572 0.608761 0.0159782 0.0224159
0 0.372755 0.478047 0.0236923 0.0182928
0 0.968132 0.74034 0.0192417 0.0155042
0 0.397531 0.8177 0.0114476 0.0353009
0 0.835949 0.274013 0.020176 0.0162259
0 0.902359 0.898676 0.0150599 0.0268682
0 0.835983 0.275264 0.0174589 0.0208735
0 0.870478 0.247808 0.0117037 0.0167496
0 0.117142 0.992544 0.0177406 0.014459
0 0.853046 0.202823 0.0113671 0.0126656
0 0.984731 0.264071 0.0130157 0.016463
0 0.849374 0.149308 0.0119301 0.023782
0 0.866988 0.196985 0.0131714 0.0153221
3 0.793102 0.0362131 0.0101407 0.012064
0 0.541161 0.60741 0.0150498 0.0212078
0 0.106108 0.91152 0.0155138 0.0195111
0 0.874064 0.123506 0.0155029 0.0153054
0 0.933495 0.828145 0.0132938 0.0316891
0 0.226477 0.665635 0.0233337 0.0328908
3 0.45172 0.525221 0.0161398 0.0160039
2 0.389234 0.595056 0.0242966 0.0229464
0 0.447586 0.562452 0.0205162 0.0204076
0 0.451725 0.525382 0.0162954 0.0173223