3 0.407166 0.804382 0.016641 0.012827
0 0.282609 0.944562 0.038578 0.067688
0 0.179400 0.317339 0.047031 0.035398
0 0.286641 0.464360 0.023594 0.072063
0 0.199625 0.934840 0.042188 0.047695
0 0.346213 0.731137 0.030469 0.033977
0 0.452775 0.818925 0.047578 0.027227
3 0.792491 0.460985 0.031875 0.023344
0 0.314484 0.386730 0.046672 0.049102
0 0.615784 0.954427 0.028928 0.042134
0 0.607200 0.805622 0.019350 0.033509
0 0.688894 0.473348 0.049025 0.034273
0 0.387594 0.687023 0.044250 0.054204
0 0.565050 0.388751 0.033525 0.044625
0 0.753906 0.539934 0.030031 0.050070
0 0.651388 0.408023 0.061587 0.079985
0 0.601409 0.854046 0.040384 0.036375
0 0.294691 0.746191 0.032947 0.030117
2 0.652494 0.620714 0.023922 0.029086
0 0.667475 0.571669 0.024172 0.074009
0 0.403725 0.387886 0.029172 0.047977
0 0.442637 0.397102 0.053087 0.059672
0 0.593359 0.474016 0.023906 0.054780
0 0.719378 0.642855 0.030741 0.042087
0 0.814500 0.724212 0.043016 0.034594
0 0.988270 0.178716 0.023461 0.085165
3 0.687412 0.628652 0.027172 0.015007
0 0.594066 0.706259 0.028900 0.038140
3 0.463028 0.643519 0.051166 0.043868
0 0.360309 0.521091 0.034459 0.045195
0 0.044441 0.926109 0.039412 0.053735
0 0.768700 0.880793 0.037087 0.024773
0 0.054659 0.980809 0.031963 0.038382
3 0.443266 0.717593 0.027844 0.059016
3 0.558531 0.600176 0.047219 0.036134
3 0.515734 0.679980 0.020781 0.021633
3 0.432119 0.800536 0.016047 0.016399
3 0.482150 0.724891 0.016719 0.019235
0 0.808109 0.119152 0.050047 0.041243
0 0.880997 0.837141 0.030178 0.054000
0 0.521906 0.378933 0.026453 0.042727
0 0.766672 0.348743 0.032438 0.046484
0 0.422359 0.504497 0.028187 0.044930
0 0.725150 0.404742 0.034250 0.056374
0 0.736600 0.070739 0.032609 0.057616
0 0.445997 0.289071 0.028881 0.051047
0 0.348234 0.886247 0.040266 0.053180
0 0.946075 0.922453 0.042881 0.034048
0 0.984812 0.068855 0.030375 0.050163
0 0.098594 0.859800 0.058344 0.030991
0 0.844725 0.944032 0.032156 0.045281
0 0.942925 0.769547 0.040631 0.036312
0 0.739231 0.982532 0.038150 0.034936
0 0.113872 0.774914 0.041384 0.043969
0 0.014788 0.880066 0.029577 0.044585
0 0.090553 0.679727 0.042453 0.050126