3 0.023684 0.333081 0.023775 0.025695
0 0.244775 0.829638 0.046109 0.027429
0 0.525953 0.985027 0.030172 0.029946
0 0.069109 0.307028 0.047891 0.034758
0 0.391062 0.913652 0.034313 0.032257
0 0.420341 0.936297 0.032478 0.027673
0 0.548869 0.843829 0.025625 0.028500
2 0.533528 0.885367 0.025381 0.027532
2 0.544756 0.916035 0.029969 0.028493
0 0.495253 0.916516 0.039634 0.039124
2 0.291300 0.901305 0.036491 0.028015
0 0.165234 0.656172 0.018156 0.032220
1 0.142353 0.872589 0.033312 0.031242
2 0.047203 0.845348 0.030984 0.033054
0 0.090831 0.936302 0.030834 0.024773
0 0.806312 0.809434 0.041531 0.032632
0 0.708578 0.194153 0.048859 0.046727
0 0.736709 0.875980 0.064141 0.037071
0 0.906869 0.612454 0.042578 0.044313
2 0.976775 0.657965 0.032141 0.029977
2 0.804962 0.009664 0.036328 0.019328
2 0.814512 0.321034 0.053306 0.027509
0 0.574950 0.881973 0.047163 0.025212
0 0.115144 0.638226 0.033475 0.023953
0 0.371859 0.878777 0.030406 0.017070
0 0.872113 0.806137 0.048556 0.038149
0 0.010947 0.687864 0.021812 0.041149
0 0.525747 0.339109 0.038259 0.037095
2 0.816141 0.974828 0.029375 0.035796
3 0.833778 0.072562 0.020131 0.034266
0 0.290506 0.948250 0.031250 0.037359
0 0.123366 0.921625 0.025219 0.027188
0 0.023303 0.332629 0.024125 0.027773
0 0.081738 0.906653 0.044944 0.020102
0 0.576131 0.977481 0.018781 0.026618
0 0.029266 0.490457 0.037750 0.040852
2 0.918344 0.446730 0.044031 0.028336
2 0.680406 0.995957 0.031828 0.008086
2 0.974247 0.227191 0.018134 0.016460
2 0.983497 0.990012 0.026838 0.019977
2 0.805903 0.409973 0.035022 0.030851
0 0.282572 0.675655 0.025641 0.042563
2 0.264169 0.022855 0.028150 0.032257
0 0.983628 0.736930 0.032009 0.061704
0 0.601869 0.338636 0.070328 0.046758
0 0.754706 0.701777 0.034256 0.057710
0 0.953319 0.008992 0.026734 0.017984
0 0.585987 0.850628 0.028178 0.052821
0 0.114187 0.173254 0.030516 0.048602