0 0.935425 0.543250 0.033491 0.042030
0 0.989266 0.134840 0.021469 0.047695
0 0.381456 0.982847 0.063819 0.034305
2 0.586584 0.505839 0.031828 0.028242
0 0.324184 0.662950 0.063397 0.056759
0 0.209419 0.484464 0.036025 0.025352
0 0.444028 0.751019 0.042194 0.084492
0 0.677856 0.145452 0.057025 0.036750
0 0.577806 0.868152 0.034219 0.035960
0 0.916272 0.328312 0.110375 0.123579
0 0.805003 0.957864 0.060413 0.038039
2 0.150741 0.561820 0.035391 0.018921
0 0.265044 0.508234 0.041319 0.027874
0 0.644681 0.625722 0.039109 0.046148
0 0.232091 0.528789 0.056569 0.022437
0 0.774378 0.146927 0.043287 0.021633
0 0.027519 0.178804 0.055037 0.031470
0 0.287809 0.374964 0.065416 0.029461
0 0.403906 0.865872 0.043609 0.032384
0 0.211122 0.690442 0.033537 0.043352
0 0.397012 0.089758 0.081509 0.043952
0 0.201675 0.509160 0.061209 0.020398
0 0.275253 0.469063 0.056916 0.021359
0 0.730969 0.841902 0.041906 0.036007
0 0.603731 0.475019 0.058053 0.030195
2 0.282669 0.044636 0.026194 0.030305
0 0.844441 0.126109 0.039412 0.053735
0 0.564081 0.980477 0.041647 0.034718
0 0.277562 0.453325 0.055781 0.033023
0 0.882197 0.930883 0.040141 0.035859
0 0.114528 0.620751 0.054647 0.030312
0 0.271331 0.321210 0.059228 0.027345
0 0.326450 0.303859 0.053491 0.024954
0 0.737897 0.539610 0.047594 0.028390
0 0.555544 0.146383 0.029072 0.039438
0 0.854659 0.182458 0.031963 0.041679
2 0.949563 0.426960 0.041297 0.025563
2 0.442478 0.608020 0.033156 0.030727
2 0.929275 0.780941 0.031234 0.027321
2 0.358700 0.426794 0.025041 0.018054
3 0.774559 0.146683 0.042853 0.020227
2 0.774800 0.274288 0.030025 0.030797
2 0.247156 0.040098 0.036609 0.026320
0 0.469238 0.007348 0.031866 0.014696
0 0.459003 0.642433 0.041166 0.053070
0 0.628012 0.774723 0.029838 0.048867
0 0.979241 0.654618 0.041517 0.034734
0 0.383294 0.522255 0.035459 0.064446
0 0.903994 0.884542 0.061766 0.034055
0 0.898594 0.059800 0.058344 0.030991
0 0.342575 0.834773 0.059522 0.035297
0 0.199609 0.595567 0.062969 0.025305
0 0.729050 0.614308 0.044491 0.059290
0 0.394016 0.250605 0.060859 0.042773
0 0.810222 0.080066 0.038709 0.044585
0 0.484181 0.215071 0.029484 0.044688