0 0.517816 0.430856 0.049741 0.034962
0 0.977942 0.317339 0.044116 0.035398
0 0.362191 0.076999 0.041991 0.070406
0 0.717659 0.643102 0.060413 0.045485
0 0.989266 0.934840 0.021469 0.047695
0 0.677856 0.945452 0.057025 0.036750
0 0.662684 0.489007 0.031931 0.060251
0 0.458616 0.376659 0.036828 0.053009
0 0.774378 0.946927 0.043287 0.021633
0 0.027519 0.978804 0.055037 0.031470
0 0.323403 0.600497 0.039944 0.042274
0 0.133797 0.109376 0.056469 0.046095
0 0.397012 0.889758 0.081509 0.043952
2 0.564403 0.366223 0.035369 0.038227
2 0.254106 0.096016 0.024072 0.024375
0 0.775456 0.319102 0.037616 0.028453
0 0.029834 0.228675 0.027891 0.051867
2 0.040219 0.146496 0.025328 0.032351
0 0.239941 0.064905 0.033537 0.039874
2 0.282669 0.844636 0.026194 0.030305
0 0.693113 0.102300 0.040569 0.044461
0 0.844441 0.926109 0.039412 0.053735
0 0.555544 0.946383 0.029072 0.039438
0 0.561050 0.632222 0.045447 0.042040
0 0.854659 0.980809 0.031963 0.038382
3 0.774559 0.946683 0.042853 0.020227
2 0.247156 0.840098 0.036609 0.026320
0 0.481816 0.688470 0.043947 0.038702
0 0.604031 0.775437 0.061172 0.043641
0 0.423462 0.043437 0.033406 0.061500
0 0.469238 0.788168 0.031866 0.053055
0 0.386094 0.621652 0.035078 0.046165
0 0.545650 0.596445 0.026969 0.048422
0 0.485438 0.517364 0.039547 0.039180
0 0.220863 0.301512 0.036084 0.051241
0 0.632531 0.673887 0.036969 0.042445
0 0.680212 0.217153 0.043016 0.052741
0 0.898594 0.859800 0.058344 0.030991
0 0.279384 0.681251 0.037484 0.049875
0 0.913872 0.774914 0.041384 0.043969
0 0.810222 0.880066 0.038709 0.044585
0 0.890553 0.679727 0.042453 0.050126