0 0.935425 0.010258 0.033491 0.020515
0 0.381456 0.447562 0.063819 0.051234
0 0.324184 0.119200 0.063397 0.056759
0 0.117806 0.940832 0.049531 0.035210
0 0.444028 0.207269 0.042194 0.084492
0 0.952472 0.963466 0.038759 0.041163
0 0.577806 0.324402 0.034219 0.035960
0 0.805003 0.414114 0.060413 0.038039
2 0.150741 0.018070 0.035391 0.018921
0 0.644681 0.081972 0.039109 0.046148
2 0.570188 0.957684 0.030938 0.025226
0 0.639619 0.878988 0.052109 0.036492
0 0.766081 0.725083 0.032444 0.044273
0 0.403906 0.322122 0.043609 0.032384
0 0.211122 0.146692 0.033537 0.043352
0 0.189150 0.874230 0.059078 0.028118
0 0.730969 0.298152 0.041906 0.036007
2 0.665506 0.753911 0.052703 0.033040
0 0.564081 0.436727 0.041647 0.034718
0 0.882197 0.387133 0.040141 0.035859
0 0.114528 0.077001 0.054647 0.030312
0 0.665741 0.573726 0.051719 0.033516
0 0.737897 0.005028 0.047594 0.010055
2 0.442478 0.064270 0.033156 0.030727
2 0.929275 0.237191 0.031234 0.027321
2 0.777281 0.900714 0.031734 0.029712
0 0.459003 0.098683 0.041166 0.053070
0 0.628012 0.230973 0.029838 0.048867
0 0.979241 0.110868 0.041517 0.034734
0 0.903994 0.340792 0.061766 0.034055
0 0.962138 0.561421 0.036022 0.049969
0 0.342575 0.291023 0.059522 0.035297
0 0.199609 0.051817 0.062969 0.025305
0 0.729050 0.070558 0.044491 0.059290