0 0.244775 0.285888 0.046109 0.027429
0 0.490066 0.814640 0.044197 0.065562
0 0.525953 0.450445 0.030172 0.048281
0 0.311628 0.850602 0.054025 0.045766
0 0.643984 0.471632 0.026469 0.018485
0 0.391062 0.369902 0.034313 0.032257
0 0.420341 0.392547 0.032478 0.027673
0 0.578612 0.464835 0.031619 0.023749
0 0.548869 0.300079 0.025625 0.028500
2 0.533528 0.341617 0.025381 0.027532
2 0.544756 0.372285 0.029969 0.028493
0 0.495253 0.372766 0.039634 0.039124
2 0.291300 0.357555 0.036491 0.028015
0 0.165234 0.112422 0.018156 0.032220
1 0.142353 0.328839 0.033312 0.031242
2 0.047203 0.301598 0.030984 0.033054
0 0.090831 0.392552 0.030834 0.024773
2 0.500834 0.682884 0.033047 0.025219
0 0.254044 0.924222 0.064806 0.039991
0 0.900106 0.850773 0.056572 0.029016
2 0.918472 0.774372 0.028650 0.034898
0 0.806312 0.265684 0.041531 0.032632
0 0.143603 0.821383 0.043953 0.053859
0 0.551856 0.755430 0.056209 0.032829
0 0.460819 0.516515 0.028063 0.032984
0 0.736709 0.332230 0.064141 0.037071
0 0.906869 0.068704 0.042578 0.044313
0 0.144566 0.955656 0.055428 0.035079
2 0.976775 0.114215 0.032141 0.029977
0 0.586850 0.626343 0.031406 0.031812
2 0.953144 0.700368 0.049100 0.038391
0 0.261888 0.900501 0.064119 0.034781
0 0.574950 0.338223 0.047163 0.025212
0 0.115144 0.094476 0.033475 0.023953
0 0.775062 0.475473 0.065609 0.031446
0 0.371859 0.335027 0.030406 0.017070
0 0.650859 0.571570 0.066406 0.052999
0 0.872113 0.262387 0.048556 0.038149
0 0.010947 0.144114 0.021812 0.041149
0 0.624575 0.554601 0.084569 0.043671
0 0.091434 0.666222 0.046587 0.042007
0 0.850666 0.917999 0.064828 0.031905
0 0.981456 0.868984 0.037084 0.036593
2 0.816141 0.431078 0.029375 0.035796
0 0.251547 0.947706 0.057156 0.044477
0 0.290506 0.404500 0.031250 0.037359
0 0.764456 0.609719 0.065553 0.087609
0 0.060313 0.789648 0.037234 0.043577
0 0.396209 0.517919 0.033953 0.035866
0 0.770200 0.637675 0.064959 0.036851
0 0.706247 0.859790 0.053994 0.037312
0 0.770356 0.752727 0.072197 0.033827
0 0.425669 0.482903 0.032884 0.029665
0 0.123366 0.377875 0.025219 0.027188
0 0.645403 0.500024 0.043850 0.012452
0 0.081738 0.362903 0.044944 0.020102
0 0.576131 0.433731 0.018781 0.026618
0 0.330309 0.501027 0.027162 0.026351
0 0.761766 0.783203 0.040734 0.056438
2 0.680406 0.463234 0.031828 0.030141
2 0.983497 0.452015 0.026838 0.031484
0 0.282572 0.131905 0.025641 0.042563
2 0.071334 0.918067 0.039687 0.030602
2 0.465769 0.662730 0.037131 0.028493
0 0.171753 0.694844 0.029366 0.036030
0 0.983628 0.193180 0.032009 0.061704
0 0.754706 0.158027 0.034256 0.057710
0 0.553622 0.486285 0.029259 0.054305
0 0.585987 0.306878 0.028178 0.052821
0 0.632844 0.696496 0.028656 0.048710