3 0.407166 0.005398 0.016641 0.010796
0 0.135425 0.543250 0.033491 0.042030
0 0.984433 0.306480 0.031134 0.028085
0 0.282609 0.144562 0.038578 0.067688
0 0.507591 0.229241 0.049400 0.033265
0 0.270681 0.719952 0.045438 0.053984
0 0.199625 0.134840 0.042188 0.047695
0 0.360866 0.695317 0.048688 0.052038
0 0.949722 0.876327 0.025697 0.034376
0 0.971784 0.883382 0.020022 0.045405
0 0.987040 0.868511 0.025920 0.043868
0 0.937559 0.814926 0.032069 0.024898
0 0.962428 0.813515 0.025922 0.030281
0 0.988325 0.818273 0.023350 0.026923
0 0.994090 0.850567 0.011820 0.018227
0 0.452775 0.018925 0.047578 0.027227
0 0.543803 0.991973 0.036703 0.016054
0 0.116272 0.328312 0.110375 0.123579
0 0.863466 0.603102 0.037381 0.047735
0 0.648516 0.581636 0.035000 0.034446
0 0.615784 0.154427 0.028928 0.042134
0 0.017605 0.957864 0.035209 0.038039
2 0.294166 0.447004 0.041000 0.030415
0 0.607200 0.011188 0.019350 0.022376
0 0.482347 0.660266 0.063584 0.037859
0 0.701744 0.992937 0.048469 0.014126
0 0.418541 0.468215 0.034016 0.033227
0 0.742844 0.460649 0.028750 0.039345
0 0.734187 0.374762 0.035703 0.028226
0 0.865781 0.688832 0.039734 0.033023
0 0.601409 0.054046 0.040384 0.036375
1 0.598234 0.641676 0.043813 0.021898
0 0.649034 0.503038 0.039650 0.039030
0 0.283463 0.818840 0.041500 0.050009
0 0.906272 0.259164 0.042875 0.033640
2 0.527513 0.845922 0.025759 0.036157
0 0.469062 0.933555 0.032344 0.057265
2 0.670719 0.655930 0.024781 0.032515
0 0.465681 0.886218 0.024469 0.047344
0 0.044441 0.126109 0.039412 0.053735
0 0.629816 0.396419 0.025759 0.031727
0 0.584697 0.303503 0.021141 0.050618
0 0.082197 0.930883 0.040141 0.035859
0 0.940722 0.673605 0.030397 0.024570
0 0.213175 0.579585 0.035022 0.028812
0 0.505078 0.477890 0.048094 0.042171
0 0.768700 0.080793 0.037087 0.024773
0 0.721925 0.917770 0.061022 0.034992
0 0.772453 0.588536 0.030781 0.027321
0 0.054659 0.182458 0.031963 0.041679
2 0.149563 0.426960 0.041297 0.025563
2 0.129275 0.780941 0.031234 0.027321
3 0.432119 0.004368 0.016047 0.008736
0 0.880997 0.037141 0.030178 0.054000
0 0.528331 0.551934 0.043931 0.024696
0 0.929444 0.457270 0.045625 0.039977
0 0.421309 0.313539 0.036181 0.029953
0 0.554722 0.374484 0.031791 0.039375
0 0.180894 0.654618 0.044822 0.034734
0 0.618222 0.943164 0.052381 0.038531
0 0.743537 0.299985 0.031781 0.036687
0 0.348234 0.086247 0.040266 0.053180
0 0.946075 0.122453 0.042881 0.034048
0 0.103994 0.884542 0.061766 0.034055
0 0.098594 0.059800 0.058344 0.030991
0 0.844725 0.144032 0.032156 0.045281
0 0.739231 0.185927 0.038150 0.041726
0 0.014788 0.080066 0.029577 0.044585
0 0.859003 0.472755 0.031400 0.044227
0 0.268669 0.982023 0.069381 0.035953
0 0.925306 0.539050 0.033094 0.032726