3 0.738431 0.013880 0.023109 0.027696
0 0.360687 0.224679 0.042437 0.044829
0 0.846703 0.174312 0.033688 0.061312
0 0.865294 0.239655 0.054384 0.055798
0 0.607597 0.423345 0.040744 0.048281
3 0.004214 0.460985 0.008428 0.023344
0 0.568487 0.291563 0.026913 0.034845
0 0.805163 0.194777 0.030844 0.033523
0 0.018004 0.724212 0.036008 0.034594
0 0.196234 0.178716 0.039391 0.085165
2 0.779003 0.121015 0.030944 0.045234
0 0.498356 0.884906 0.049806 0.036110
0 0.731856 0.261855 0.024944 0.036680
0 0.501516 0.978570 0.036500 0.035016
0 0.716766 0.464559 0.041844 0.045195
0 0.349619 0.247313 0.036781 0.028172
2 0.789169 0.822855 0.028150 0.032257
0 0.016566 0.119152 0.033133 0.041243
0 0.603028 0.282996 0.030384 0.059337
0 0.448419 0.340657 0.035978 0.057546
0 0.080997 0.837141 0.030178 0.054000
0 0.297791 0.030136 0.028172 0.050836
0 0.281578 0.175540 0.033016 0.071641
0 0.699637 0.081879 0.027678 0.042070
0 0.493072 0.162933 0.033563 0.060087
0 0.393916 0.442434 0.037313 0.047913
0 0.833688 0.344409 0.047328 0.026618
0 0.738263 0.391383 0.040306 0.066874
0 0.146075 0.922453 0.042881 0.034048
0 0.200372 0.068855 0.061494 0.050163
0 0.044725 0.944032 0.032156 0.045281
0 0.142925 0.769547 0.040631 0.036312
0 0.629875 0.721219 0.059703 0.042750
0 0.454341 0.768792 0.045728 0.037259
0 0.639187 0.973254 0.030516 0.048602
0 0.680528 0.160308 0.048431 0.072602
0 0.452731 0.654973 0.055459 0.041384