0 0.274256 0.449163 0.010317 0.011180
0 0.758707 0.855342 0.010075 0.010343
0 0.597831 0.610340 0.006718 0.008000
0 0.434966 0.838117 0.014332 0.018153
0 0.500936 0.763727 0.009552 0.015813
0 0.233901 0.490552 0.021918 0.015737
0 0.533977 0.757860 0.009315 0.012427
0 0.183214 0.438090 0.009192 0.014020
0 0.178681 0.842873 0.011148 0.014227
0 0.571318 0.651998 0.013180 0.012837
0 0.140827 0.811133 0.012295 0.012627
0 0.085751 0.915603 0.017618 0.014153
0 0.050832 0.560115 0.014305 0.013357
0 0.828571 0.029107 0.009248 0.014513
0 0.489526 0.834727 0.012298 0.015907
0 0.228596 0.437002 0.007468 0.013510
0 0.724290 0.434060 0.008340 0.012360
0 0.420141 0.721598 0.012882 0.017077
0 0.819775 0.650840 0.008640 0.017420
0 0.831370 0.689977 0.012335 0.025527
0 0.928570 0.870317 0.010900 0.021500
0 0.670817 0.955542 0.011885 0.013923
0 0.818296 0.390882 0.014408 0.028970
0 0.579075 0.665560 0.012045 0.017367
0 0.080046 0.738138 0.013067 0.012290
0 0.038120 0.040232 0.011740 0.011150
0 0.991095 0.153253 0.007250 0.015633
0 0.001771 0.955495 0.003543 0.011437
0 0.220244 0.015298 0.011833 0.017377
0 0.944390 0.318228 0.016455 0.016810
0 0.424545 0.759432 0.010735 0.012303
0 0.792766 0.588367 0.008257 0.012887
0 0.465496 0.820473 0.011017 0.012400
0 0.423431 0.777657 0.007118 0.009220
0 0.982283 0.156523 0.006590 0.013220
0 0.235016 0.348970 0.015938 0.010120
0 0.413082 0.282713 0.007045 0.020280
0 0.899015 0.145972 0.009130 0.015250
0 0.137335 0.703507 0.015615 0.012613
0 0.879021 0.899173 0.016122 0.011493
0 0.609034 0.843817 0.015157 0.015760
0 0.182842 0.422445 0.013695 0.008357
0 0.167975 0.801053 0.017730 0.019400
0 0.746981 0.365453 0.010788 0.005573
0 0.553335 0.815402 0.010995 0.016197
0 0.648295 0.665943 0.005360 0.011053
0 0.230670 0.489617 0.015485 0.014667
0 0.450457 0.765920 0.010660 0.016680
0 0.810003 0.521528 0.020760 0.013237
0 0.190509 0.877253 0.016507 0.024307
0 0.865343 0.758703 0.007830 0.015580
2 0.627452 0.266465 0.010590 0.011083
2 0.991956 0.798525 0.011457 0.018197
2 0.383570 0.412472 0.009005 0.013310
2 0.888391 0.827887 0.013423 0.010213
2 0.788174 0.402150 0.007313 0.014527
2 0.497362 0.240378 0.005620 0.016457
2 0.934874 0.347418 0.017622 0.022377
2 0.032646 0.049163 0.007582 0.010967
2 0.733514 0.737088 0.008702 0.018070
2 0.855749 0.663473 0.007003 0.008193
2 0.280055 0.347655 0.010520 0.013957
2 0.962320 0.851858 0.005175 0.007763
3 0.842398 0.722330 0.019910 0.014073
3 0.851414 0.618712 0.007143 0.009243
3 0.865818 0.597098 0.007695 0.007410
3 0.824689 0.312628 0.014773 0.018357
3 0.816491 0.264505 0.012643 0.007203
3 0.975368 0.385850 0.005665 0.015120
3 0.704583 0.515142 0.012605 0.017697
3 0.984646 0.638775 0.004003 0.005537
3 0.736779 0.585048 0.009873 0.017017
3 0.726891 0.585123 0.010192 0.023580
3 0.759875 0.544408 0.022320 0.015797
3 0.823041 0.682477 0.009067 0.013067
3 0.992964 0.852987 0.005848 0.012733
3 0.828755 0.391822 0.008520 0.007683
3 0.808882 0.521125 0.018765 0.012537
3 0.701652 0.507137 0.012215 0.009247
3 0.995695 0.604140 0.008610 0.012947
0 0.484776 0.684280 0.009043 0.012420
0 0.468314 0.714885 0.010358 0.010410
2 0.082630 0.086047 0.013655 0.018480
1 0.013520 0.065495 0.014990 0.023010
0 0.342201 0.166668 0.011428 0.014590
0 0.247341 0.204855 0.012868 0.014110
0 0.339381 0.178733 0.008037 0.013733
1 0.085427 0.986520 0.010565 0.013927
0 0.257535 0.229732 0.016330 0.023797
0 0.338561 0.192253 0.010177 0.010227
0 0.467722 0.728080 0.007405 0.016893
0 0.175699 0.300832 0.020203 0.017997
2 0.776640 0.907175 0.010905 0.018570
0 0.807695 0.959065 0.013265 0.010330
0 0.861326 0.957193 0.010008 0.013480
3 0.848884 0.782057 0.014238 0.016900
0 0.976038 0.647692 0.013305 0.017923
0 0.985425 0.589470 0.016860 0.010673
0 0.922246 0.467200 0.011067 0.015440
0 0.984485 0.167925 0.014670 0.009483
0 0.975500 0.177115 0.006550 0.016630
2 0.809577 0.029548 0.009010 0.013830
0 0.657501 0.034422 0.011572 0.010623
0 0.649924 0.040228 0.008697 0.020790
0 0.403131 0.032447 0.015912 0.029933
0 0.108695 0.011585 0.018315 0.020517
2 0.984613 0.466058 0.015975 0.013717
3 0.773979 0.701368 0.011822 0.019610
0 0.134214 0.095075 0.009572 0.025150
0 0.984487 0.442077 0.010825 0.019687
2 0.948954 0.246168 0.010077 0.014797
0 0.776111 0.066402 0.012018 0.019130
0 0.599940 0.020120 0.009695 0.022987
0 0.392512 0.028333 0.008275 0.026933
0 0.294600 0.058557 0.011570 0.015887
0 0.648241 0.052027 0.010033 0.020587
2 0.414896 0.125755 0.013618 0.016223
2 0.059756 0.114077 0.013383 0.014360
3 0.797124 0.696005 0.011553 0.031250
0 0.973866 0.607907 0.015283 0.011813
2 0.945082 0.079350 0.026565 0.040433
2 0.915573 0.624913 0.010745 0.011307
2 0.878483 0.181217 0.022215 0.036367
2 0.795514 0.730030 0.008627 0.013033
0 0.818503 0.009987 0.006490 0.013600
2 0.761753 0.841052 0.008255 0.013303
3 0.980904 0.427700 0.010208 0.017467
3 0.850046 0.754747 0.014257 0.034867
3 0.845662 0.643547 0.010975 0.021227
0 0.843554 0.975640 0.015367 0.016447
2 0.861291 0.724885 0.008027 0.016083
0 0.975984 0.660903 0.010063 0.011240
0 0.774920 0.608072 0.014320 0.015423
3 0.773521 0.476875 0.014868 0.019983
3 0.792425 0.485518 0.011895 0.013503
3 0.777572 0.452392 0.010005 0.010623
3 0.741809 0.724078 0.009327 0.009410
0 0.739595 0.706848 0.013275 0.015483
0 0.652005 0.497645 0.010730 0.008677
0 0.491211 0.007998 0.012678 0.013983
0 0.670080 0.164053 0.011320 0.016000
2 0.417281 0.914468 0.010107 0.017290
0 0.708388 0.900000 0.014975 0.015600
0 0.716305 0.794068 0.011830 0.013917
2 0.205106 0.337298 0.008438 0.013537
3 0.782571 0.311442 0.010212 0.019270
3 0.853315 0.276260 0.009680 0.015947
0 0.605086 0.891828 0.007903 0.011310
2 0.023761 0.519625 0.011543 0.012930
2 0.071803 0.347808 0.009955 0.013510
2 0.615445 0.189117 0.009990 0.016367
2 0.298175 0.789565 0.011960 0.014123
2 0.700887 0.799325 0.010540 0.011270
2 0.451543 0.881983 0.007335 0.013500
0 0.862062 0.279732 0.014570 0.014317
0 0.983744 0.386135 0.011487 0.022670
2 0.566844 0.896135 0.006862 0.017070
0 0.693165 0.845945 0.006920 0.016110
0 0.755790 0.966363 0.014430 0.020927
2 0.743822 0.882965 0.007240 0.011070
0 0.359421 0.295642 0.010127 0.014763
2 0.637125 0.813502 0.008925 0.015543
0 0.520354 0.827093 0.014592 0.012060
0 0.656654 0.160445 0.010542 0.016777
2 0.346910 0.393888 0.005825 0.014103
2 0.258353 0.918785 0.010895 0.014850
2 0.433610 0.462168 0.011300 0.011623
0 0.506685 0.892800 0.014980 0.012200
0 0.057344 0.881603 0.009772 0.016540
2 0.451846 0.436340 0.009752 0.015620
0 0.679241 0.236387 0.012867 0.020560
2 0.113004 0.387545 0.011543 0.016070
2 0.744073 0.335430 0.030695 0.054693
2 0.413501 0.384318 0.014113 0.014763
0 0.646261 0.151312 0.014327 0.017823
2 0.288850 0.926670 0.009930 0.013733
0 0.351376 0.708753 0.013698 0.012973
0 0.548609 0.860768 0.008283 0.022803
2 0.236739 0.121788 0.008653 0.013170
3 0.952185 0.363300 0.012740 0.012360
2 0.256727 0.018877 0.010105 0.024227
0 0.227481 0.125565 0.009263 0.014490
0 0.851991 0.068623 0.006817 0.012360
0 0.937254 0.953790 0.015258 0.014933
0 0.968777 0.105653 0.016545 0.019107
0 0.981001 0.124450 0.015612 0.020573
0 0.868152 0.653890 0.014255 0.024020
0 0.931688 0.082323 0.015075 0.012287
0 0.317230 0.053688 0.029890 0.036690
0 0.613820 0.518242 0.008755 0.016757
0 0.550559 0.391093 0.010658 0.023633
0 0.615191 0.918653 0.009492 0.025680
0 0.868999 0.055030 0.012352 0.023780
0 0.400365 0.512580 0.010755 0.014153
0 0.522324 0.323163 0.016033 0.018860
0 0.401048 0.260522 0.007875 0.015363
0 0.253669 0.287673 0.013863 0.023953
0 0.602364 0.718757 0.009687 0.021927
0 0.313609 0.218248 0.007967 0.018257
0 0.162036 0.272748 0.016577 0.011337
0 0.104601 0.772885 0.011457 0.021057
0 0.362575 0.774288 0.011225 0.022750
0 0.215447 0.233152 0.015705 0.029170
0 0.495475 0.149543 0.008795 0.024593
0 0.529246 0.637177 0.014793 0.011400
0 0.477960 0.571592 0.011320 0.013197
0 0.561644 0.356850 0.012332 0.014280
0 0.011179 0.757498 0.016983 0.012157
0 0.833781 0.041855 0.020082 0.018343
0 0.224928 0.191087 0.015105 0.018520
0 0.169065 0.627313 0.011560 0.016607
0 0.897136 0.801675 0.010102 0.015390
0 0.184949 0.087760 0.009748 0.023367
0 0.409129 0.490395 0.010007 0.012917
0 0.100009 0.549397 0.019198 0.013007
0 0.448576 0.556068 0.009973 0.017290
0 0.311143 0.353707 0.007945 0.017247
0 0.382977 0.472880 0.015410 0.011407
0 0.219519 0.089440 0.012097 0.020473
0 0.776719 0.190113 0.009162 0.016127
0 0.853304 0.039150 0.020457 0.019700
0 0.740864 0.149503 0.008293 0.023487
0 0.593626 0.350962 0.014692 0.014970
0 0.404339 0.297262 0.010528 0.016663
0 0.132502 0.309760 0.022180 0.011127
0 0.673889 0.047512 0.008337 0.022643
0 0.287400 0.128685 0.018810 0.013810
0 0.625429 0.231280 0.010592 0.023487
0 0.319685 0.623100 0.009750 0.017020
0 0.598322 0.785963 0.013630 0.015260
0 0.665194 0.106838 0.018812 0.014003
0 0.172877 0.978887 0.010570 0.022373
0 0.113089 0.346287 0.020748 0.015260
0 0.307112 0.470533 0.013940 0.013707
0 0.408344 0.351538 0.017247 0.013923
0 0.009316 0.213110 0.018632 0.013947
0 0.369288 0.339220 0.017020 0.012713
0 0.193305 0.617478 0.015880 0.026670
0 0.429839 0.243035 0.011462 0.019010
0 0.573131 0.608908 0.007332 0.015623
0 0.358168 0.899720 0.013015 0.023193
0 0.546156 0.221987 0.011368 0.018060
0 0.611783 0.469013 0.013510 0.010247
0 0.422474 0.074705 0.017857 0.014510
0 0.342380 0.421470 0.011475 0.016580
0 0.297857 0.170665 0.010860 0.016903
0 0.868398 0.701740 0.011155 0.025220
0 0.730749 0.867855 0.019317 0.039350
0 0.468775 0.386400 0.016280 0.014920
0 0.766869 0.862687 0.006882 0.019407
0 0.285136 0.303568 0.014738 0.020017
0 0.346969 0.098903 0.008533 0.025533
0 0.108860 0.154550 0.018620 0.016907
0 0.572210 0.158942 0.012850 0.032537
0 0.616927 0.747600 0.010050 0.018247
0 0.154761 0.490963 0.018727 0.011293
0 0.100014 0.638018 0.013067 0.015063
0 0.153014 0.463153 0.012667 0.013580
0 0.502730 0.110492 0.014370 0.023370
0 0.638645 0.750332 0.010075 0.029110
0 0.737306 0.184900 0.023832 0.022260
0 0.162291 0.432253 0.017912 0.013787
0 0.663044 0.862023 0.010032 0.023480
0 0.847214 0.389690 0.019922 0.012000
0 0.289625 0.621333 0.010845 0.015827
0 0.450982 0.326473 0.011585 0.015987
0 0.766541 0.129395 0.019327 0.024430
0 0.972956 0.621777 0.015117 0.022047
0 0.759872 0.543662 0.022175 0.014710
0 0.760474 0.127755 0.008197 0.022383
0 0.576931 0.444397 0.012028 0.017653
0 0.576124 0.340645 0.011722 0.021937
0 0.899426 0.758830 0.019428 0.014507
0 0.306489 0.669018 0.013088 0.023150
0 0.771999 0.231638 0.012122 0.024650
0 0.239734 0.663583 0.012807 0.024033
0 0.044966 0.781583 0.014498 0.019720
0 0.537074 0.337537 0.013097 0.015773
0 0.497189 0.960778 0.011938 0.023723
0 0.918039 0.489053 0.016857 0.015713
0 0.202679 0.579197 0.009273 0.012813
0 0.205454 0.481417 0.023518 0.020920
0 0.244941 0.829270 0.020543 0.013327
0 0.820592 0.566822 0.013625 0.020703
0 0.988876 0.341102 0.018812 0.021883
0 0.047464 0.084118 0.010872 0.024817
0 0.177430 0.399965 0.008625 0.016130
0 0.325625 0.713288 0.013310 0.010170
0 0.257270 0.876403 0.018370 0.021453
0 0.083900 0.460817 0.017150 0.018947
0 0.710519 0.192190 0.009482 0.014940
0 0.169142 0.414147 0.011730 0.012807
0 0.641550 0.689555 0.006025 0.014770
0 0.666696 0.723227 0.010783 0.020507
0 0.144011 0.408583 0.009877 0.016533
0 0.366144 0.241885 0.012947 0.019337
0 0.843422 0.103678 0.007215 0.019303
0 0.198180 0.972753 0.010460 0.016753
0 0.121085 0.198110 0.012980 0.021333
0 0.654256 0.839710 0.008872 0.017113
0 0.170454 0.524260 0.020693 0.015833
0 0.912566 0.655257 0.010788 0.016807
0 0.523694 0.906218 0.009357 0.019637
0 0.657967 0.540607 0.009285 0.016360
0 0.210456 0.114043 0.010067 0.023293
0 0.906140 0.469308 0.012835 0.012217
0 0.861415 0.801133 0.018870 0.013667
0 0.594760 0.386658 0.010905 0.019770
0 0.583547 0.659277 0.007975 0.020820
0 0.369670 0.165065 0.011175 0.014523
0 0.233746 0.484968 0.020342 0.027970
0 0.819047 0.791847 0.010515 0.018953
0 0.103690 0.283977 0.014690 0.019807
0 0.545756 0.641620 0.005812 0.020613
0 0.476570 0.289373 0.011480 0.014127
0 0.261856 0.709693 0.014183 0.015127
0 0.552384 0.598533 0.006832 0.016153
0 0.559964 0.186868 0.011197 0.024250
0 0.018942 0.458413 0.013280 0.019273
0 0.874766 0.461867 0.018678 0.019100
0 0.553204 0.644328 0.006733 0.014803
0 0.832995 0.519898 0.013695 0.025017
0 0.150498 0.135447 0.008710 0.016100
0 0.623271 0.647143 0.010618 0.011207
0 0.682775 0.096168 0.014390 0.023423
0 0.470534 0.132767 0.013362 0.027073
0 0.360267 0.736570 0.012765 0.017700
0 0.112605 0.817788 0.016210 0.016223
0 0.189577 0.679662 0.011690 0.019077
0 0.622956 0.624197 0.011058 0.015193
0 0.292475 0.218345 0.012085 0.020963
0 0.527980 0.884860 0.010195 0.024013
0 0.195827 0.257387 0.018935 0.024347
0 0.658885 0.452062 0.008405 0.017243
0 0.786804 0.606440 0.018238 0.009620
0 0.563121 0.490328 0.010217 0.014577
0 0.249016 0.371232 0.010093 0.014037
0 0.278041 0.509952 0.017442 0.028457
0 0.236163 0.361110 0.013035 0.008660
0 0.213929 0.520613 0.018812 0.014793
0 0.275077 0.209150 0.011235 0.040140
0 0.339869 0.349658 0.011447 0.023497
0 0.573917 0.578812 0.008345 0.010177
0 0.224886 0.319037 0.011412 0.015233
0 0.734861 0.580827 0.027082 0.032200
0 0.919739 0.074552 0.014868 0.018317
0 0.272835 0.464403 0.015390 0.012127
0 0.385574 0.709235 0.007868 0.017290
0 0.236439 0.376308 0.010113 0.016657
0 0.212595 0.783822 0.011035 0.016403
0 0.754694 0.014240 0.011947 0.027293
0 0.155365 0.614272 0.008135 0.015337
0 0.028954 0.583772 0.022677 0.013203
0 0.740918 0.179935 0.018035 0.015970
0 0.992833 0.970567 0.014335 0.015540
0 0.197799 0.441992 0.018403 0.010437
0 0.545253 0.624963 0.008365 0.009880
0 0.565253 0.575485 0.009195 0.009910
0 0.272173 0.410593 0.009855 0.017587
0 0.174995 0.170805 0.019640 0.018510
0 0.935544 0.208183 0.010587 0.020413
0 0.124410 0.089860 0.011430 0.014340
0 0.065379 0.941973 0.016007 0.015147
0 0.023165 0.008562 0.016265 0.016737
0 0.018328 0.299618 0.010465 0.014803
0 0.362059 0.870605 0.015132 0.022170
0 0.046441 0.267852 0.016102 0.013957
0 0.216089 0.894967 0.013472 0.018247
0 0.994541 0.889690 0.010808 0.012940
0 0.849770 0.336425 0.008660 0.016710
0 0.112184 0.591337 0.027358 0.016813
0 0.949997 0.581233 0.010995 0.016400
0 0.502104 0.048532 0.012707 0.020963
0 0.181207 0.412083 0.014490 0.009340
0 0.587418 0.577780 0.008945 0.009993
0 0.592787 0.619372 0.007225 0.015237
0 0.690457 0.465452 0.009225 0.013697
0 0.944219 0.133560 0.012848 0.020913
0 0.954601 0.872283 0.009153 0.014833
0 0.589291 0.194988 0.010928 0.020417
0 0.955122 0.407593 0.009495 0.013387
0 0.347878 0.460485 0.009155 0.014037
0 0.472591 0.617267 0.011883 0.010813
0 0.232747 0.745045 0.018220 0.012757
0 0.246865 0.186985 0.010630 0.014290
0 0.186113 0.494385 0.009335 0.011330
0 0.323776 0.226782 0.008727 0.024497
0 0.482643 0.900777 0.009530 0.022507
0 0.802727 0.536697 0.018510 0.009653
0 0.323464 0.081948 0.012408 0.027377
0 0.057693 0.970713 0.020235 0.016427
0 0.331925 0.520973 0.011270 0.016987
0 0.073340 0.398393 0.012045 0.013467
0 0.729972 0.545438 0.012835 0.018363
0 0.260825 0.551133 0.012520 0.013760
0 0.799751 0.824010 0.009957 0.024420
0 0.163370 0.057480 0.016260 0.026987
0 0.383126 0.567038 0.011848 0.015850
0 0.617005 0.547675 0.008920 0.011470
0 0.994783 0.134073 0.010435 0.027760
0 0.108306 0.048908 0.008348 0.022677
0 0.152755 0.638005 0.011720 0.015337
0 0.730814 0.830535 0.009842 0.011070
0 0.347561 0.575648 0.013088 0.012677
0 0.199290 0.238832 0.013520 0.015937
0 0.732596 0.881208 0.011942 0.008670
0 0.623126 0.573217 0.008452 0.011673
0 0.166687 0.051600 0.011275 0.019553
0 0.418243 0.657293 0.017295 0.014213
0 0.172139 0.206200 0.011338 0.020013
0 0.669169 0.614650 0.009173 0.010420
0 0.447377 0.633913 0.011965 0.012287
0 0.120239 0.586417 0.016297 0.018820
0 0.435713 0.602323 0.015190 0.012047
0 0.316815 0.562852 0.010280 0.024330
0 0.197106 0.486205 0.011552 0.015617
0 0.276751 0.095270 0.014818 0.012313
0 0.841027 0.513113 0.009900 0.031693
0 0.799050 0.562880 0.012225 0.030193
0 0.860031 0.566072 0.010473 0.017903
0 0.240441 0.581710 0.011582 0.014253
0 0.292226 0.537543 0.011222 0.013473
0 0.121674 0.252845 0.017898 0.018057
0 0.418762 0.543088 0.011220 0.014970
0 0.372648 0.526495 0.012770 0.011550
0 0.178935 0.748003 0.016695 0.013733
0 0.710868 0.337045 0.018840 0.030730
0 0.416269 0.799095 0.007738 0.012090
0 0.789102 0.274452 0.013165 0.013757
0 0.789654 0.634750 0.016393 0.008753
0 0.791846 0.643402 0.017008 0.010323
0 0.714280 0.812882 0.011140 0.017510
0 0.829046 0.485788 0.011882 0.013043
0 0.799719 0.134940 0.008918 0.010867
0 0.441916 0.037407 0.013067 0.013327
0 0.935128 0.493652 0.011150 0.010977
0 0.253779 0.788122 0.013817 0.013857
0 0.868641 0.337838 0.010402 0.018377
0 0.647554 0.105893 0.010793 0.021113
0 0.080121 0.250968 0.033317 0.044283
0 0.105900 0.497762 0.014870 0.013283
0 0.855805 0.679482 0.012390 0.013563
0 0.857659 0.381473 0.017208 0.010880
0 0.218721 0.211217 0.021207 0.017220
0 0.211387 0.931320 0.016660 0.012987
0 0.544296 0.594833 0.007683 0.015153
0 0.341493 0.843400 0.009985 0.014493
0 0.310018 0.879558 0.011370 0.016837
0 0.463970 0.656973 0.012430 0.010987
0 0.649146 0.652283 0.006303 0.010333
0 0.778449 0.284952 0.008648 0.012177
0 0.126484 0.537810 0.016573 0.014453
0 0.377890 0.697187 0.007525 0.010720
0 0.147848 0.207110 0.017655 0.011180
0 0.184615 0.589887 0.020715 0.015813
0 0.915970 0.954192 0.009765 0.012137
0 0.673926 0.402000 0.006327 0.009493
0 0.204746 0.043325 0.019228 0.021623
