3 0.748298 0.005922 0.007395 0.011817
3 0.386293 0.343203 0.005325 0.005473
3 0.687579 0.483448 0.007608 0.010963
0 0.758328 0.695312 0.014755 0.011703
0 0.165701 0.183832 0.015917 0.014917
0 0.299336 0.573120 0.010717 0.017933
0 0.627420 0.095863 0.013580 0.019127
0 0.836821 0.920913 0.014143 0.027973
0 0.572892 0.472098 0.013710 0.011983
0 0.346435 0.403013 0.012345 0.028880
0 0.866330 0.047503 0.009880 0.016413
0 0.848305 0.765523 0.009655 0.020600
0 0.313408 0.135398 0.015050 0.015103
0 0.782945 0.074373 0.010780 0.026160
0 0.115901 0.032853 0.013437 0.030040
0 0.418429 0.439143 0.015808 0.014193
0 0.229651 0.274390 0.019332 0.019407
0 0.892605 0.210503 0.012290 0.016713
0 0.702115 0.472332 0.015325 0.014830
0 0.347725 0.198127 0.007550 0.030747
0 0.342618 0.648513 0.014540 0.023033
0 0.671148 0.826008 0.019365 0.021957
0 0.937431 0.168308 0.011067 0.030983
0 0.779721 0.936257 0.017288 0.019527
0 0.319880 0.398865 0.013500 0.020350
0 0.788894 0.102253 0.017403 0.023807
0 0.706431 0.180627 0.013038 0.020600
0 0.122066 0.764293 0.020422 0.021860
0 0.371477 0.638002 0.015580 0.022203
0 0.628452 0.862553 0.011555 0.022240
0 0.632199 0.820485 0.014757 0.018537
0 0.450116 0.811537 0.012442 0.016800
0 0.559911 0.715233 0.008223 0.014667
0 0.566971 0.718243 0.006407 0.019373
0 0.572018 0.711898 0.008625 0.018717
0 0.556019 0.689035 0.010262 0.010623
0 0.563977 0.688433 0.008295 0.012920
0 0.574849 0.690463 0.012642 0.011487
0 0.582067 0.697458 0.014775 0.008870
0 0.578580 0.704242 0.012725 0.007777
0 0.366788 0.311952 0.009750 0.014497
0 0.400888 0.349408 0.015225 0.011617
0 0.886075 0.774563 0.008470 0.007887
0 0.805140 0.731158 0.010980 0.013763
0 0.814509 0.740820 0.010393 0.011807
0 0.865156 0.771663 0.010118 0.010133
0 0.855638 0.701367 0.008200 0.012160
2 0.850729 0.719090 0.008122 0.011747
2 0.854322 0.732175 0.009590 0.012157
0 0.838481 0.732380 0.012683 0.016693
2 0.773216 0.725890 0.011677 0.011953
0 0.732875 0.621300 0.005810 0.013747
1 0.725553 0.713638 0.010660 0.013330
2 0.695105 0.702015 0.009915 0.014103
0 0.709066 0.740822 0.009867 0.010570
2 0.840267 0.864697 0.010575 0.010760
0 0.761294 0.967668 0.020738 0.017063
0 0.668338 0.968693 0.014055 0.013547
0 0.546576 0.916185 0.006817 0.024303
0 0.430017 0.767147 0.011745 0.011993
0 0.455778 0.928590 0.014560 0.009873
0 0.463015 0.921237 0.017030 0.011393
0 0.442404 0.915598 0.014163 0.016457
0 0.434564 0.928605 0.013478 0.014590
0 0.426034 0.912705 0.007143 0.018657
0 0.419929 0.907945 0.006928 0.013137
0 0.414507 0.904993 0.005635 0.014373
0 0.449277 0.905537 0.008005 0.021893
0 0.457119 0.910227 0.012213 0.018853
0 0.489900 0.944713 0.014260 0.022180
2 0.187707 0.557158 0.010185 0.012050
0 0.103739 0.624192 0.020287 0.024217
0 0.067014 0.548038 0.011528 0.010817
0 0.968034 0.936330 0.018103 0.012380
2 0.973911 0.903732 0.009168 0.014890
0 0.938020 0.686692 0.013290 0.013923
3 0.509597 0.196687 0.010200 0.009960
0 0.037698 0.974755 0.015850 0.015023
0 0.944689 0.153058 0.013977 0.014817
0 0.142089 0.661768 0.013502 0.036050
0 0.725953 0.923790 0.014065 0.022980
0 0.856594 0.895650 0.017987 0.014007
0 0.304791 0.984412 0.012403 0.017563
0 0.216914 0.403393 0.018248 0.015680
0 0.184898 0.711745 0.010950 0.015343
0 0.293207 0.481413 0.035320 0.052727
0 0.980821 0.038443 0.011332 0.021013
0 0.532309 0.598657 0.011962 0.020367
0 0.490089 0.867750 0.012507 0.013527
0 0.827462 0.793713 0.008980 0.014073
0 0.356635 0.165005 0.014935 0.020950
0 0.463525 0.589498 0.011200 0.014697
0 0.561187 0.940430 0.018270 0.023680
0 0.443195 0.857857 0.012335 0.012980
0 0.693916 0.124400 0.008612 0.014867
0 0.906745 0.424172 0.015635 0.019937
0 0.915747 0.715085 0.020525 0.015817
0 0.212059 0.208643 0.010218 0.025707
0 0.970198 0.602647 0.013625 0.018907
0 0.146757 0.160708 0.011785 0.022617
0 0.726261 0.981080 0.017737 0.014967
0 0.453051 0.407222 0.009257 0.017977
0 0.257601 0.750022 0.019332 0.016230
2 0.048237 0.581043 0.011325 0.008073
2 0.864265 0.287540 0.006015 0.014013
2 0.992568 0.622065 0.010285 0.012790
2 0.953864 0.197030 0.010408 0.012347
2 0.350133 0.532055 0.013120 0.012977
0 0.084814 0.558180 0.013222 0.011893
0 0.867792 0.840573 0.010050 0.013573
0 0.206298 0.608308 0.012515 0.019690
0 0.966396 0.297872 0.009298 0.014097
2 0.937588 0.343225 0.011625 0.012710
2 0.182460 0.981945 0.009900 0.010763
2 0.985006 0.872157 0.015712 0.016380
0 0.450304 0.343732 0.006192 0.014297
2 0.940644 0.478308 0.017058 0.011737
0 0.937531 0.090560 0.006743 0.008100
0 0.763804 0.957547 0.020518 0.014840
0 0.074269 0.566950 0.018102 0.009573
0 0.204678 0.948368 0.016675 0.015570
0 0.247801 0.404022 0.013852 0.009230
0 0.008806 0.417623 0.017612 0.013427
0 0.539954 0.789890 0.012523 0.019180
0 0.863984 0.717642 0.015092 0.010757
0 0.410351 0.623047 0.020347 0.016153
0 0.476446 0.201962 0.015688 0.014623
0 0.903716 0.247482 0.009228 0.017937
0 0.480558 0.767758 0.015510 0.011570
0 0.953294 0.232665 0.016087 0.012763
0 0.245146 0.882702 0.010382 0.018890
0 0.716846 0.613643 0.010712 0.010220
0 0.092099 0.501318 0.020933 0.012570
0 0.769652 0.083105 0.009870 0.014303
0 0.380030 0.293130 0.014160 0.023127
0 0.389933 0.541105 0.010885 0.014177
0 0.636985 0.533165 0.011330 0.014443
0 0.928020 0.776202 0.020995 0.013417
0 0.798995 0.716278 0.009730 0.007283
0 0.888275 0.817203 0.021250 0.022613
0 0.959076 0.685285 0.015538 0.016277
0 0.683503 0.634822 0.006980 0.017557
0 0.129250 0.710772 0.013955 0.013817
0 0.578930 0.628595 0.007875 0.009523
0 0.103489 0.256212 0.012782 0.018037
0 0.493710 0.537877 0.009200 0.016787
0 0.528278 0.972528 0.011615 0.015550
0 0.940181 0.223757 0.015827 0.013393
0 0.879864 0.809963 0.027062 0.018633
0 0.067559 0.635922 0.010732 0.018497
0 0.709259 0.857588 0.014908 0.017923
0 0.060528 0.946338 0.018905 0.011997
0 0.042815 0.046667 0.018070 0.019667
0 0.436816 0.165867 0.010728 0.019040
0 0.848239 0.486020 0.012243 0.015827
0 0.463970 0.883662 0.012690 0.011090
0 0.993422 0.101978 0.012280 0.013930
0 0.490940 0.501232 0.011425 0.012043
0 0.952213 0.965013 0.020745 0.013613
0 0.497250 0.230372 0.009610 0.021363
0 0.464444 0.174090 0.019708 0.034127
0 0.994066 0.944100 0.011867 0.015613
0 0.533050 0.635235 0.012715 0.014090
0 0.127044 0.379630 0.026083 0.018753
0 0.064536 0.558575 0.019587 0.008703
0 0.448451 0.364393 0.012923 0.015520
0 0.350301 0.318375 0.010543 0.012850
0 0.088081 0.541467 0.018213 0.009113
0 0.653350 0.569920 0.018590 0.011400
0 0.233910 0.700545 0.013410 0.015363
1 0.447435 0.615115 0.014020 0.009343
2 0.941165 0.757260 0.009400 0.015273
2 0.464798 0.264838 0.007655 0.012410
0 0.469592 0.243912 0.007735 0.031577
0 0.385192 0.165498 0.009335 0.020470
0 0.397644 0.169430 0.016988 0.025460
2 0.180609 0.156255 0.011318 0.016310
2 0.081314 0.040967 0.007703 0.010400
0 0.445875 0.202247 0.007650 0.023373
0 0.248146 0.136150 0.012037 0.012140
0 0.486201 0.274285 0.009837 0.017957
0 0.009547 0.097568 0.008925 0.022130
2 0.012870 0.062505 0.008105 0.013803
0 0.076781 0.027693 0.010732 0.017013
0 0.516640 0.308997 0.013765 0.014760
0 0.980259 0.114605 0.008008 0.017950
0 0.463691 0.555963 0.012688 0.016653
0 0.938287 0.202628 0.014380 0.026817
0 0.672896 0.996652 0.009517 0.006697
0 0.399680 0.883457 0.026550 0.019467
0 0.597431 0.773463 0.009727 0.017687
0 0.346708 0.690705 0.013280 0.021337
0 0.546007 0.451910 0.013720 0.014353
0 0.407286 0.919147 0.006673 0.018773
2 0.424804 0.702260 0.008243 0.015427
2 0.212962 0.895002 0.016865 0.014097
0 0.193194 0.544008 0.018577 0.012883
0 0.574795 0.076252 0.012605 0.036337
0 0.406100 0.739650 0.010350 0.024433
0 0.950237 0.159470 0.013675 0.010193
0 0.919682 0.251577 0.007700 0.019733
0 0.760495 0.977688 0.018290 0.018977
2 0.761281 0.051633 0.009902 0.019300
3 0.475972 0.268225 0.008695 0.006403
3 0.946809 0.372293 0.006442 0.014620
3 0.516938 0.917577 0.016425 0.007127
0 0.446101 0.301337 0.009248 0.016273
3 0.404169 0.274568 0.016373 0.018717
3 0.535338 0.935407 0.030325 0.019320
2 0.090454 0.360378 0.008382 0.012930
0 0.915364 0.234660 0.008378 0.017120
2 0.470630 0.621197 0.007930 0.013873
0 0.405018 0.719453 0.007830 0.020200
0 0.371299 0.222332 0.011027 0.019283
0 0.772962 0.745920 0.010000 0.015940
0 0.924626 0.833480 0.020977 0.037380
0 0.671474 0.377560 0.015938 0.015407
0 0.221796 0.043648 0.012982 0.018970
0 0.746194 0.111725 0.007982 0.015650
0 0.270221 0.395140 0.012612 0.022927
0 0.457541 0.510472 0.008243 0.013537
0 0.930143 0.299022 0.009000 0.012737
0 0.443103 0.470828 0.006765 0.021597
0 0.180506 0.759670 0.013327 0.014813
0 0.088820 0.534752 0.017850 0.014090
0 0.282303 0.738510 0.012845 0.015300
0 0.036649 0.606187 0.017487 0.012933
0 0.527799 0.955878 0.009992 0.020530
0 0.557031 0.628738 0.009727 0.010483
0 0.699300 0.910250 0.011915 0.018593
0 0.324216 0.588623 0.011207 0.012293
0 0.673959 0.958722 0.008937 0.020697
0 0.806787 0.794312 0.010865 0.015303
0 0.507615 0.857943 0.013760 0.011187
0 0.672485 0.417523 0.011680 0.014940
0 0.926464 0.845408 0.020787 0.015723
0 0.417625 0.545233 0.015390 0.017993
0 0.905999 0.940177 0.017278 0.015920
0 0.926514 0.894497 0.023103 0.014433
0 0.816214 0.779372 0.010523 0.012657
0 0.086826 0.478383 0.018953 0.011667
0 0.719477 0.734560 0.008070 0.011600
0 0.687457 0.483255 0.007720 0.011850
0 0.886529 0.786677 0.014032 0.005313
0 0.706156 0.728172 0.014382 0.008577
0 0.501984 0.375805 0.011868 0.010570
0 0.906884 0.207478 0.008207 0.012930
0 0.864362 0.758392 0.006010 0.011357
0 0.741365 0.198212 0.013390 0.019283
0 0.104464 0.470980 0.017117 0.010647
0 0.213037 0.818123 0.016550 0.014300
0 0.487016 0.732915 0.019527 0.014930
0 0.623878 0.105520 0.011770 0.012020
0 0.957776 0.070653 0.011898 0.016007
0 0.689365 0.550595 0.012080 0.017430
0 0.476339 0.875393 0.015842 0.011567
0 0.785699 0.787105 0.008692 0.011243
0 0.236127 0.571567 0.015230 0.012113
0 0.604554 0.900423 0.009847 0.019860
0 0.177774 0.403790 0.009303 0.016827
0 0.179536 0.269748 0.014543 0.017937
0 0.503185 0.592442 0.009850 0.011657
0 0.273491 0.419182 0.010228 0.017783
0 0.923765 0.907500 0.013035 0.024080
2 0.303860 0.523503 0.013215 0.010907
2 0.141593 0.600755 0.010610 0.013110
2 0.870670 0.091237 0.008700 0.013407
2 0.297368 0.674535 0.009995 0.011657
2 0.973870 0.531938 0.014090 0.012090
2 0.897730 0.770980 0.010185 0.012860
0 0.910227 0.027242 0.018540 0.013917
2 0.114784 0.523432 0.008013 0.007703
2 0.991759 0.438268 0.005803 0.007023
3 0.397845 0.306173 0.008910 0.025180
3 0.434730 0.256075 0.015110 0.015417
3 0.421035 0.290125 0.006650 0.009230
3 0.247859 0.403918 0.013713 0.008630
3 0.394278 0.341562 0.005135 0.006997
3 0.410288 0.309287 0.005350 0.008207
2 0.248730 0.957638 0.010155 0.012677
2 0.247936 0.458363 0.009608 0.013140
2 0.994719 0.766193 0.008588 0.013433
2 0.937889 0.516255 0.011207 0.013163
2 0.079090 0.358442 0.011715 0.011230
0 0.602301 0.653415 0.008433 0.010297
0 0.770423 0.629613 0.008205 0.018160
0 0.647609 0.788338 0.009033 0.011677
2 0.702827 0.965042 0.012700 0.013057
2 0.829046 0.856098 0.011882 0.012157
2 0.764534 0.351085 0.009008 0.013763
0 0.734961 0.869800 0.009397 0.015373
2 0.575009 0.878012 0.014342 0.016577
0 0.514595 0.050838 0.016015 0.017597
0 0.154181 0.293747 0.014063 0.016513
0 0.704969 0.120745 0.009723 0.025317
0 0.655494 0.145347 0.011513 0.024553
0 0.537919 0.357180 0.009657 0.023040
0 0.423010 0.161678 0.008465 0.018230
0 0.607293 0.012858 0.009015 0.021690
0 0.501335 0.148797 0.010380 0.019833
0 0.602105 0.074897 0.010565 0.030567
0 0.391155 0.215252 0.009020 0.019170
0 0.476554 0.978477 0.014593 0.032327
0 0.193290 0.330853 0.019575 0.018620
0 0.994761 0.655757 0.010243 0.026327
0 0.891435 0.120620 0.011320 0.015140
0 0.590193 0.567925 0.009000 0.019063
0 0.135508 0.018533 0.010690 0.026240
0 0.150156 0.336285 0.010197 0.022637
0 0.425066 0.576825 0.014058 0.010537
0 0.488048 0.172690 0.010960 0.024053
0 0.146881 0.615438 0.013173 0.022643
0 0.553422 0.536435 0.014600 0.017057
0 0.123550 0.265238 0.011225 0.019697
0 0.735884 0.034935 0.008857 0.017950
0 0.649558 0.648623 0.008410 0.016653
0 0.200964 0.671882 0.009548 0.020850
0 0.669783 0.069518 0.010740 0.025637
0 0.638053 0.188772 0.011940 0.020443
0 0.887525 0.329160 0.010250 0.018147
0 0.390819 0.475110 0.011578 0.012780
0 0.433511 0.501113 0.010173 0.016800
0 0.313886 0.620637 0.014343 0.014820
0 0.875966 0.020417 0.011558 0.022180
0 0.778780 0.146948 0.015145 0.011357
0 0.174608 0.254483 0.008630 0.020660
0 0.491712 0.030182 0.010435 0.024583
0 0.155340 0.220742 0.012655 0.016717
0 0.453831 0.743750 0.016762 0.016440
0 0.398719 0.123337 0.009242 0.021780
0 0.493932 0.469327 0.010170 0.015653
0 0.644971 0.912853 0.016248 0.025487
0 0.070676 0.128645 0.011547 0.021863
0 0.748244 0.166990 0.012898 0.028533
0 0.202410 0.287525 0.011830 0.018110
0 0.122654 0.564162 0.011347 0.027497
0 0.367435 0.378132 0.012885 0.022690
0 0.558744 0.393580 0.013722 0.014527
0 0.576119 0.029378 0.019678 0.021403
0 0.289278 0.718738 0.019765 0.014530
0 0.217668 0.092652 0.013765 0.022503
0 0.287550 0.366848 0.018670 0.013223
0 0.089403 0.290667 0.011995 0.021280
0 0.526312 0.402787 0.010290 0.019320
0 0.557736 0.328340 0.013002 0.015493
0 0.945210 0.025097 0.010525 0.020433
0 0.307884 0.812873 0.011527 0.021320
0 0.109624 0.697503 0.019047 0.015060
0 0.872598 0.485818 0.022505 0.019950
0 0.063875 0.595442 0.020150 0.010797
0 0.713560 0.307720 0.019105 0.018240
0 0.604227 0.597195 0.012170 0.016250
0 0.642848 0.947350 0.010080 0.029320
0 0.642059 0.666527 0.012028 0.017260
0 0.921506 0.640758 0.010962 0.024623
0 0.857159 0.780815 0.009363 0.023170
0 0.492554 0.420662 0.012208 0.017803
0 0.985062 0.341215 0.008555 0.015583
0 0.233296 0.603438 0.014237 0.025297
0 0.657389 0.328018 0.014633 0.015897
0 0.292439 0.330630 0.013243 0.018760
0 0.402842 0.816393 0.015365 0.010507
0 0.126085 0.448258 0.019475 0.018250
0 0.259271 0.375495 0.012387 0.019023
0 0.530881 0.543042 0.010048 0.018870
0 0.867516 0.704268 0.009017 0.022537
0 0.284977 0.290017 0.013585 0.021387
0 0.716540 0.415255 0.009765 0.020737
0 0.729769 0.068398 0.015498 0.030977
0 0.341974 0.762290 0.022202 0.019260
0 0.154938 0.433097 0.009435 0.019067
0 0.552098 0.571328 0.010590 0.013963
0 0.882510 0.870505 0.009170 0.020783
0 0.656874 0.279455 0.017747 0.017657
0 0.596806 0.978887 0.014913 0.015040
