0 0.245520 0.352117 0.013025 0.013367
0 0.875665 0.022913 0.012945 0.022747
0 0.322658 0.688715 0.010580 0.021277
0 0.393640 0.342785 0.009750 0.019243
0 0.856500 0.422903 0.016935 0.013567
0 0.796521 0.585315 0.009773 0.029670
0 0.623991 0.724465 0.010352 0.019590
0 0.682410 0.231877 0.014925 0.017920
0 0.065334 0.951622 0.009532 0.019783
0 0.474264 0.492255 0.007832 0.014890
0 0.538229 0.614992 0.043957 0.026717
0 0.292005 0.739808 0.014065 0.011417
0 0.548319 0.432297 0.013868 0.010667
3 0.537053 0.459722 0.009720 0.016470
1 0.251962 0.683222 0.021375 0.017577
0 0.710305 0.784772 0.016160 0.020190
3 0.688451 0.631162 0.012048 0.005990
3 0.753271 0.802892 0.010148 0.008650
0 0.440464 0.644807 0.011947 0.023400
0 0.291846 0.385068 0.014112 0.023730
0 0.719198 0.291405 0.013245 0.015063
0 0.540375 0.701788 0.008495 0.026583
0 0.379589 0.044830 0.008712 0.015213
0 0.349244 0.805367 0.010843 0.020833
0 0.090074 0.268112 0.017157 0.012903
0 0.874086 0.904082 0.011597 0.024783
0 0.819733 0.118313 0.019540 0.018687
0 0.887929 0.501400 0.013248 0.022780
0 0.176055 0.115135 0.016360 0.027643
0 0.520572 0.331438 0.012140 0.016143
0 0.321619 0.075865 0.013167 0.018917
0 0.509665 0.116960 0.012675 0.017187
0 0.061664 0.317210 0.017888 0.012720
0 0.517359 0.027443 0.007862 0.023933
0 0.415148 0.306947 0.013175 0.012740
0 0.753348 0.751830 0.009715 0.023333
0 0.316459 0.782448 0.023602 0.020583
0 0.477850 0.765115 0.015475 0.021083
0 0.400315 0.103203 0.011345 0.020673
0 0.759288 0.157640 0.010480 0.011633
0 0.504814 0.161602 0.011062 0.030883
0 0.126825 0.019075 0.010070 0.014290
0 0.112454 0.723918 0.014403 0.013110
0 0.536160 0.437685 0.007370 0.014897
0 0.663341 0.981435 0.010748 0.029317
0 0.922546 0.406310 0.014777 0.012693
0 0.187561 0.535407 0.011832 0.018667
0 0.896661 0.604555 0.013787 0.016223
0 0.975189 0.227725 0.018692 0.013210
0 0.413216 0.559862 0.007913 0.017210
0 0.253181 0.795408 0.017182 0.028430
0 0.218745 0.920467 0.009870 0.017040
0 0.537821 0.177045 0.011373 0.032870
0 0.613210 0.061547 0.016125 0.018113
0 0.196614 0.312468 0.013862 0.025123
0 0.051321 0.412585 0.013532 0.009763
0 0.981331 0.443373 0.010298 0.031093
0 0.472640 0.463630 0.007690 0.015440
0 0.956660 0.522255 0.016580 0.015870
0 0.115787 0.802512 0.017695 0.014917
0 0.665056 0.908433 0.012638 0.022133
0 0.449355 0.540963 0.011495 0.010053
0 0.825476 0.680203 0.012637 0.013033
0 0.700228 0.537668 0.013595 0.019543
0 0.703292 0.327598 0.014815 0.018523
0 0.711763 0.494603 0.018010 0.014967
0 0.010710 0.072473 0.015575 0.011347
0 0.286886 0.803405 0.011957 0.016190
0 0.731299 0.558887 0.018512 0.017293
0 0.074679 0.105573 0.017527 0.015347
0 0.146296 0.895078 0.012602 0.015217
0 0.435271 0.329052 0.009827 0.014877
0 0.720108 0.697550 0.010925 0.016740
0 0.797681 0.095743 0.010403 0.023040
0 0.201950 0.138953 0.013590 0.015727
0 0.870713 0.749215 0.011470 0.016930
0 0.807764 0.771550 0.016293 0.015967
0 0.241723 0.885447 0.009705 0.019453
0 0.210470 0.770027 0.009795 0.018767
0 0.108222 0.617860 0.012415 0.013347
0 0.106736 0.479012 0.010442 0.018050
0 0.551785 0.535098 0.018500 0.013357
0 0.637477 0.536308 0.012260 0.017903
0 0.074319 0.584063 0.011348 0.014460
0 0.864938 0.472093 0.017750 0.024400
0 0.795003 0.646470 0.015885 0.015107
0 0.688774 0.748342 0.011758 0.015210
0 0.453477 0.742770 0.008905 0.019413
0 0.504146 0.702350 0.010567 0.019087
0 0.553604 0.913063 0.011308 0.019620
0 0.053421 0.567978 0.015412 0.014217
0 0.980210 0.352673 0.018355 0.013873
0 0.336512 0.362728 0.017030 0.027390
0 0.252415 0.100653 0.017785 0.014167
0 0.566832 0.766423 0.012410 0.021160
0 0.506481 0.732272 0.016567 0.017017
0 0.574983 0.790503 0.016870 0.013587
0 0.487761 0.987462 0.009062 0.020377
0 0.425261 0.359772 0.011687 0.013783
0 0.029221 0.712710 0.017437 0.012353
0 0.864434 0.663918 0.012612 0.017963
0 0.502046 0.792865 0.010353 0.015857
0 0.329140 0.181775 0.014360 0.014423
0 0.617101 0.781390 0.014903 0.017113
3 0.448516 0.485173 0.004442 0.009473
0 0.523779 0.563567 0.011002 0.020427
0 0.035107 0.874057 0.013565 0.020133
1 0.289044 0.261543 0.014387 0.010253
0 0.801221 0.046950 0.014643 0.019100
0 0.290560 0.436328 0.017420 0.013210
1 0.898019 0.680150 0.015062 0.011767
2 0.095736 0.931847 0.011222 0.008307
0 0.305861 0.432150 0.014322 0.014233
3 0.758892 0.900248 0.009200 0.014657
0 0.831189 0.071750 0.012572 0.025380
0 0.245252 0.051062 0.012775 0.019850
0 0.353385 0.106900 0.011340 0.018953
0 0.411681 0.970705 0.017032 0.019023
0 0.847820 0.854993 0.010125 0.019020
3 0.853912 0.852848 0.005975 0.020243
0 0.380102 0.626355 0.008710 0.019697
3 0.525094 0.549135 0.006213 0.010150
0 0.799423 0.019250 0.012905 0.007367
3 0.896528 0.904792 0.012645 0.010683
3 0.823160 0.873085 0.010350 0.010790
3 0.267656 0.877603 0.009597 0.010627
1 0.084468 0.246008 0.005915 0.007877
0 0.027729 0.266935 0.013737 0.011863
0 0.079916 0.864662 0.011687 0.015850
0 0.062605 0.617113 0.012025 0.015827
0 0.777334 0.009885 0.011293 0.019770
0 0.584454 0.294280 0.014038 0.020087
0 0.103712 0.239080 0.017045 0.014720
0 0.188196 0.572885 0.015222 0.017897
0 0.206521 0.274742 0.016602 0.012890
0 0.114849 0.893323 0.007508 0.011733
0 0.976210 0.791988 0.018400 0.011943
0 0.084486 0.763553 0.012032 0.018093
0 0.529064 0.104660 0.009092 0.013600
0 0.615179 0.105398 0.019222 0.014197
0 0.199212 0.612987 0.009025 0.016880
0 0.746723 0.612082 0.009565 0.016523
0 0.568279 0.064865 0.013208 0.015257
0 0.750217 0.776558 0.013950 0.016810
0 0.688521 0.845848 0.011132 0.019943
0 0.798405 0.790735 0.009380 0.013390
0 0.382511 0.961240 0.014613 0.024373
0 0.833711 0.906417 0.013377 0.015273
0 0.589915 0.116437 0.013105 0.016133
0 0.085666 0.466917 0.012327 0.017400
0 0.555630 0.377892 0.016100 0.011823
2 0.935364 0.679822 0.008303 0.010783
2 0.993155 0.676500 0.008780 0.010380
1 0.106706 0.434952 0.018013 0.020097
0 0.015564 0.502747 0.009388 0.014013
2 0.985574 0.698008 0.008398 0.010077
2 0.994059 0.138022 0.011668 0.017290
0 0.048304 0.206762 0.010188 0.016677
2 0.824858 0.978420 0.017060 0.025900
1 0.185240 0.713005 0.011225 0.017697
0 0.300515 0.795385 0.013135 0.021117
3 0.063016 0.927780 0.008232 0.016540
2 0.477276 0.854913 0.009548 0.012233
0 0.078545 0.210085 0.008210 0.013837
0 0.172745 0.974410 0.011740 0.014913
1 0.127092 0.432542 0.016135 0.022163
0 0.318700 0.161892 0.013675 0.018777
2 0.977143 0.280632 0.016385 0.015923
1 0.754905 0.197082 0.012185 0.014863
0 0.136988 0.015783 0.009325 0.022100
1 0.276210 0.733035 0.020350 0.014937
0 0.043785 0.077978 0.012910 0.016970
0 0.250051 0.529578 0.014447 0.017757
0 0.227434 0.183842 0.013282 0.017050
2 0.474585 0.963702 0.007545 0.016370
0 0.553235 0.601053 0.012030 0.010640
2 0.245030 0.155363 0.011590 0.014660
2 0.952619 0.252375 0.011013 0.014463
0 0.703531 0.367932 0.010533 0.013783
0 0.141730 0.971330 0.016310 0.015673
2 0.741334 0.247057 0.011918 0.020953
0 0.992672 0.917665 0.011755 0.019397
0 0.497589 0.307168 0.008173 0.018597
2 0.277464 0.168410 0.011572 0.011487
0 0.036270 0.448805 0.011925 0.015970
2 0.281349 0.115325 0.016243 0.013630
0 0.018500 0.272645 0.014200 0.010290
0 0.276518 0.304908 0.009185 0.018083
0 0.953311 0.780485 0.020247 0.017783
0 0.018475 0.628307 0.011595 0.018067
3 0.825911 0.057113 0.007118 0.006227
3 0.349847 0.242423 0.007905 0.013153
3 0.086840 0.199675 0.006830 0.008083
3 0.861590 0.849897 0.011480 0.020453
3 0.283384 0.221067 0.013463 0.008120
0 0.099702 0.685188 0.007680 0.019290
1 0.228859 0.530412 0.010958 0.033023
2 0.343168 0.865878 0.007885 0.014823
2 0.754105 0.048460 0.007785 0.014413
1 0.358379 0.668185 0.010897 0.020303
2 0.369259 0.240640 0.008787 0.015967
1 0.301890 0.716020 0.014330 0.023907
2 0.736679 0.876443 0.007773 0.014973
2 0.162696 0.632587 0.008403 0.010140
2 0.911922 0.658903 0.010990 0.014660
0 0.778514 0.874695 0.012533 0.018277
0 0.486809 0.621643 0.014037 0.013400
0 0.850779 0.146467 0.020198 0.021273
0 0.172965 0.916672 0.015810 0.015543
0 0.815944 0.946565 0.011692 0.019503
0 0.607200 0.592850 0.008585 0.015453
0 0.604464 0.936478 0.012467 0.020943
0 0.432121 0.878303 0.012522 0.019193
0 0.040339 0.532780 0.015703 0.013633
0 0.118495 0.964630 0.009015 0.010427
0 0.906543 0.030837 0.013180 0.026380
0 0.706724 0.926400 0.011513 0.017167
0 0.392729 0.045952 0.009173 0.012770
0 0.648635 0.817373 0.011495 0.017527
0 0.770826 0.894695 0.009002 0.009663
0 0.122211 0.479853 0.014578 0.023760
0 0.740733 0.661677 0.011525 0.011127
0 0.918919 0.900852 0.013312 0.024710
0 0.738126 0.920093 0.014438 0.022540
0 0.128266 0.853075 0.009357 0.014483
0 0.029604 0.586963 0.009933 0.012853
0 0.160348 0.788240 0.011825 0.017467
0 0.277633 0.686207 0.016770 0.026573
0 0.932555 0.709295 0.016675 0.007883
0 0.154479 0.516938 0.024172 0.013477
0 0.251790 0.434295 0.011765 0.011370
0 0.207651 0.565440 0.010843 0.026460
0 0.402680 0.918535 0.008820 0.020417
0 0.408015 0.630533 0.009180 0.011113
0 0.479725 0.426992 0.012615 0.016010
0 0.668189 0.668390 0.008388 0.016987
0 0.005245 0.095755 0.009605 0.011557
0 0.491585 0.954095 0.009295 0.020037
0 0.470546 0.517733 0.009067 0.008427
0 0.380346 0.795130 0.014242 0.018820
0 0.333841 0.806938 0.009528 0.010937
0 0.800628 0.925427 0.020930 0.022933
0 0.332805 0.293853 0.007360 0.018427
0 0.131421 0.652465 0.024167 0.012137
0 0.991874 0.990777 0.012952 0.018447
0 0.152622 0.840318 0.014105 0.029090
0 0.021362 0.207427 0.009345 0.018607
0 0.608094 0.782733 0.013162 0.017740
0 0.990570 0.020812 0.018860 0.041623
0 0.073162 0.436425 0.012695 0.014363
0 0.533906 0.825833 0.011257 0.016093
0 0.909920 0.943903 0.008830 0.012847
3 0.936810 0.823160 0.021175 0.016540
0 0.297681 0.011408 0.013377 0.022817
0 0.866234 0.765963 0.012013 0.020507
0 0.536772 0.013705 0.007965 0.025537
0 0.570980 0.189947 0.011585 0.026800
0 0.997308 0.733155 0.005345 0.021470
0 0.331731 0.354723 0.015913 0.010147
0 0.584314 0.346103 0.013938 0.013653
0 0.145507 0.610278 0.012815 0.009937
0 0.630106 0.726188 0.013893 0.019697
0 0.011459 0.675738 0.022338 0.011850
0 0.579468 0.031288 0.015080 0.020343
0 0.024084 0.023172 0.015878 0.015217
0 0.350139 0.207233 0.015728 0.016987
0 0.756874 0.540122 0.011597 0.024503
0 0.740116 0.126155 0.015582 0.021843
0 0.134910 0.733958 0.010335 0.021783
0 0.924753 0.980045 0.010145 0.027363
0 0.711747 0.798643 0.014055 0.010540
0 0.943033 0.437885 0.016580 0.011937
0 0.196064 0.025912 0.011452 0.023963
0 0.738791 0.519242 0.016197 0.015997
0 0.428322 0.142367 0.014220 0.019173
0 0.101266 0.560475 0.016542 0.013877
0 0.737455 0.313638 0.021655 0.016377
0 0.330143 0.761945 0.022290 0.025230
0 0.482701 0.671832 0.012517 0.015550
0 0.861467 0.965193 0.012140 0.027647
0 0.482660 0.565582 0.013050 0.016463
3 0.129195 0.239000 0.010700 0.010893
2 0.273778 0.890880 0.009145 0.010893
0 0.245071 0.580793 0.012273 0.020193
1 0.272587 0.524870 0.015370 0.023093
1 0.223305 0.610298 0.022370 0.012290
2 0.023131 0.175277 0.008993 0.015227
1 0.182498 0.668990 0.015605 0.016020
3 0.132659 0.532690 0.020293 0.008667
0 0.434852 0.762102 0.009410 0.015030
0 0.924911 0.733668 0.010892 0.018237
0 0.937516 0.011525 0.017692 0.014310
0 0.976686 0.547318 0.009692 0.024803
0 0.696974 0.875997 0.015517 0.014147
0 0.568181 0.197580 0.012043 0.037180
0 0.533622 0.013140 0.012850 0.026280
0 0.383293 0.771690 0.010080 0.012200
0 0.366511 0.752535 0.007843 0.011710
0 0.299911 0.530272 0.012653 0.010310
0 0.283169 0.996838 0.010447 0.006323
0 0.736069 0.805640 0.016013 0.017260
0 0.344820 0.333237 0.013235 0.014593
0 0.628436 0.998083 0.009582 0.003833
0 0.003450 0.297423 0.006900 0.029667
1 0.259490 0.717747 0.010070 0.025953
2 0.278091 0.646658 0.005778 0.008630
2 0.782955 0.938565 0.007760 0.011530
2 0.851915 0.637458 0.011580 0.013530
2 0.873120 0.651555 0.009905 0.012303
0 0.218543 0.080743 0.013095 0.025887
2 0.860250 0.581672 0.010225 0.014437
1 0.226595 0.688522 0.015275 0.014370
2 0.237787 0.542823 0.009925 0.012847
2 0.941669 0.651545 0.009457 0.013463
2 0.566906 0.461032 0.005562 0.009030
2 0.997315 0.733058 0.005305 0.021303
2 0.754326 0.673093 0.012143 0.009973
2 0.737272 0.807240 0.010320 0.013440
2 0.791253 0.946005 0.005640 0.017230
2 0.891858 0.570857 0.013945 0.009567
2 0.636514 0.900805 0.009603 0.013537
2 0.704671 0.601880 0.012737 0.014413
2 0.276664 0.698833 0.006268 0.012033
2 0.237591 0.649783 0.006512 0.009100
2 0.791055 0.832120 0.011630 0.011580
2 0.750216 0.776407 0.013292 0.015380
2 0.428319 0.142275 0.014567 0.017937
3 0.931789 0.849560 0.013472 0.008527
3 0.958625 0.888543 0.020195 0.017593
3 0.280765 0.190582 0.008350 0.018363
3 0.527374 0.440370 0.009033 0.012833
3 0.242931 0.730118 0.010153 0.024650
3 0.278602 0.559630 0.015405 0.015140
3 0.860668 0.683617 0.007005 0.011213
3 0.328424 0.861737 0.008782 0.018393
3 0.540360 0.424007 0.008365 0.010967
3 0.200055 0.726352 0.004970 0.010457
3 0.310970 0.653393 0.005345 0.010313
3 0.571021 0.424707 0.011793 0.017853
3 0.712682 0.736668 0.006595 0.006950
3 0.272359 0.199923 0.007743 0.007533
3 0.939464 0.741175 0.010082 0.006483
3 0.544095 0.508938 0.006230 0.007650
3 0.722645 0.755473 0.007910 0.012160
3 0.992584 0.848307 0.014602 0.011400
3 0.038530 0.968293 0.007380 0.019353
3 0.829736 0.648842 0.011293 0.010937
3 0.925946 0.939457 0.014262 0.008700
3 0.934118 0.918835 0.013355 0.007910
3 0.518237 0.440320 0.006380 0.013340
3 0.880995 0.698830 0.011495 0.011287
3 0.294161 0.854922 0.020813 0.012563
3 0.360486 0.298498 0.011942 0.014877
3 0.332759 0.264633 0.013558 0.013680
3 0.045685 0.225055 0.011225 0.012837
3 0.061121 0.226308 0.007933 0.016370
3 0.114827 0.224375 0.009225 0.013497
3 0.146940 0.713900 0.015790 0.012493
3 0.814075 0.685938 0.006005 0.008937
3 0.205626 0.543005 0.012017 0.008563
3 0.804345 0.620620 0.009600 0.011600
3 0.309130 0.235803 0.009705 0.014213
3 0.962135 0.913593 0.011210 0.006653
3 0.475347 0.397712 0.006730 0.015643
3 0.814239 0.711162 0.006092 0.009097
3 0.389873 0.250800 0.010325 0.015520
3 0.829794 0.843477 0.016768 0.009520
3 0.304220 0.848583 0.005420 0.016247
3 0.194420 0.341540 0.015920 0.020593
3 0.239510 0.311632 0.006550 0.012957
3 0.331200 0.239252 0.007015 0.013710
3 0.407780 0.267217 0.005890 0.008033
3 0.062174 0.171630 0.007513 0.012707
3 0.972329 0.474787 0.013108 0.010020
3 0.206014 0.822018 0.005912 0.014557
3 0.370041 0.306113 0.015512 0.014933
3 0.382817 0.373478 0.005185 0.008757
3 0.289344 0.169262 0.006533 0.010577
3 0.505444 0.447278 0.006863 0.014430
3 0.323041 0.218358 0.008608 0.010523
3 0.312256 0.843438 0.005868 0.016783
3 0.051125 0.292098 0.007875 0.007830
3 0.344099 0.849812 0.006692 0.010277
3 0.833625 0.856860 0.007095 0.010600
3 0.953943 0.836288 0.010725 0.010303
3 0.711270 0.674372 0.011490 0.013030
3 0.203352 0.376107 0.014010 0.017733
3 0.992179 0.901248 0.009117 0.015457
3 0.022701 0.964415 0.004457 0.005197
3 0.501486 0.424137 0.010337 0.020680
3 0.424393 0.283410 0.005670 0.008880
0 0.091344 0.799183 0.010403 0.020840
0 0.627487 0.302272 0.014805 0.017803
0 0.524946 0.762263 0.010798 0.017807
0 0.369780 0.790307 0.007615 0.023287
0 0.365279 0.061585 0.015288 0.015050
0 0.455765 0.473822 0.012870 0.009237
0 0.624535 0.670548 0.013865 0.019317
0 0.741472 0.732300 0.016770 0.016260
0 0.505619 0.493832 0.019257 0.012863
0 0.778184 0.485255 0.009602 0.019383
0 0.971257 0.501688 0.009870 0.020517
0 0.015416 0.251243 0.010372 0.015973
0 0.660304 0.324032 0.010952 0.015897
0 0.250724 0.328923 0.016952 0.012700
0 0.193277 0.811305 0.012370 0.021417
0 0.802435 0.508137 0.010700 0.027933
0 0.503877 0.197663 0.017240 0.016673
0 0.246849 0.396345 0.015572 0.015610
0 0.566551 0.128910 0.015653 0.024107
0 0.187526 0.857690 0.010123 0.018147
0 0.774664 0.352403 0.016873 0.013380
0 0.129725 0.566147 0.014455 0.011673
0 0.788571 0.058907 0.008423 0.021747
0 0.720213 0.459058 0.021265 0.017550
0 0.343908 0.787527 0.009900 0.015153
0 0.267945 0.298690 0.009870 0.025473
0 0.067671 0.892272 0.018662 0.015357
0 0.253755 0.259037 0.009170 0.014773
0 0.689590 0.684975 0.010285 0.013777
0 0.677609 0.504597 0.017188 0.017267
0 0.967087 0.155277 0.014050 0.019900
0 0.781045 0.025157 0.018680 0.011407
0 0.816558 0.740427 0.016975 0.009653
0 0.243510 0.847587 0.014390 0.017773
3 0.065084 0.200653 0.009837 0.015527
3 0.294600 0.243342 0.007585 0.006550
0 0.348435 0.246282 0.010090 0.023717
0 0.355409 0.193992 0.006237 0.016870
2 0.318754 0.162453 0.011687 0.017107
0 0.121483 0.508200 0.008195 0.006540
2 0.042316 0.747783 0.011428 0.015180
2 0.845731 0.703955 0.013117 0.012517
3 0.876339 0.409192 0.005408 0.007117
3 0.515750 0.513343 0.007250 0.017447
2 0.322919 0.844495 0.009798 0.014163
2 0.311768 0.965215 0.010405 0.013697
0 0.476222 0.593197 0.010170 0.015207
4 0.158371 0.408537 0.012192 0.011860
0 0.435324 0.826743 0.047983 0.046733
0 0.290195 0.445652 0.015360 0.009830
4 0.181984 0.425713 0.029968 0.019773
3 0.178331 0.471642 0.009982 0.017217
