0 0.882944 0.109527 0.011737 0.014020
0 0.597380 0.618630 0.007270 0.023373
0 0.625406 0.290372 0.008672 0.017563
0 0.525939 0.583617 0.008367 0.023380
0 0.536069 0.974168 0.008372 0.025523
0 0.621036 0.649353 0.011553 0.017107
0 0.502175 0.194745 0.009170 0.021070
0 0.265655 0.010455 0.008690 0.020910
0 0.529314 0.543930 0.008928 0.015293
0 0.398493 0.756958 0.011210 0.022197
0 0.520428 0.390390 0.010525 0.017667
0 0.630698 0.617235 0.013445 0.018737
0 0.436158 0.251107 0.011335 0.026780
0 0.604673 0.078752 0.010040 0.026730
0 0.071849 0.475865 0.019088 0.010290
0 0.095637 0.337032 0.021985 0.014037
0 0.328555 0.175627 0.008295 0.020847
0 0.581609 0.279727 0.019317 0.020660
0 0.363524 0.347880 0.011217 0.021927
0 0.851619 0.215078 0.013418 0.029777
0 0.642452 0.928810 0.010330 0.026020
0 0.566165 0.225822 0.013620 0.032537
0 0.564251 0.114793 0.008952 0.028100
0 0.554976 0.692100 0.011488 0.017787
0 0.601105 0.247892 0.014315 0.012623
0 0.698365 0.227823 0.010535 0.019633
0 0.041569 0.255560 0.010313 0.020987
0 0.726294 0.371083 0.010418 0.021613
0 0.438692 0.018533 0.007650 0.025287
0 0.496730 0.411025 0.012390 0.010877
0 0.947899 0.190647 0.016667 0.010500
0 0.621234 0.220167 0.013683 0.014567
0 0.620217 0.562882 0.015275 0.031257
0 0.097648 0.515458 0.018890 0.011970
0 0.805744 0.477635 0.018898 0.011423
0 0.700850 0.173978 0.012330 0.014210
0 0.584595 0.686092 0.014875 0.012390
0 0.733346 0.302620 0.015542 0.013607
0 0.444901 0.650708 0.012298 0.032277
0 0.510930 0.260172 0.007860 0.023257
0 0.080863 0.782132 0.008710 0.018010
0 0.689895 0.349820 0.013650 0.011173
0 0.009057 0.762338 0.018115 0.015723
0 0.578501 0.189613 0.009023 0.021800
0 0.090284 0.385067 0.015373 0.024567
0 0.090055 0.122695 0.016960 0.012617
0 0.200455 0.734238 0.009195 0.019623
0 0.983862 0.237355 0.013265 0.022337
0 0.197662 0.924260 0.014735 0.025587
0 0.503859 0.257178 0.010942 0.023583
0 0.812144 0.776528 0.015232 0.010583
0 0.769840 0.035213 0.011325 0.020747
0 0.347480 0.221642 0.008235 0.018363
0 0.177256 0.683647 0.008637 0.017500
0 0.811347 0.742458 0.017290 0.012503
0 0.339825 0.162960 0.008935 0.016620
0 0.516203 0.432357 0.010780 0.014600
0 0.743981 0.007242 0.017762 0.014483
0 0.662586 0.050372 0.011633 0.039003
0 0.513091 0.311198 0.008962 0.016077
0 0.872029 0.300890 0.012113 0.020840
0 0.693861 0.788395 0.013082 0.009637
0 0.289656 0.175807 0.018982 0.024813
0 0.125475 0.025355 0.009320 0.016110
0 0.090161 0.253395 0.019552 0.012443
0 0.178891 0.666385 0.019032 0.012637
0 0.126576 0.451933 0.023028 0.013787
0 0.604340 0.296353 0.010960 0.021087
0 0.381705 0.535413 0.016965 0.009473
0 0.032918 0.680015 0.016225 0.011030
0 0.819704 0.083545 0.012122 0.022277
0 0.622379 0.897387 0.009342 0.026560
0 0.548859 0.577453 0.009433 0.016787
0 0.762516 0.438000 0.012368 0.026500
0 0.291850 0.637107 0.014920 0.019020
0 0.009907 0.030938 0.017220 0.022637
0 0.198545 0.751092 0.009745 0.014423
0 0.621459 0.815780 0.009832 0.024440
0 0.467798 0.012767 0.013010 0.025533
0 0.275719 0.076035 0.012423 0.024103
0 0.868575 0.767932 0.022885 0.013630
0 0.563418 0.362933 0.010005 0.019140
0 0.071439 0.311252 0.013613 0.012897
0 0.792285 0.060852 0.011815 0.027097
0 0.428681 0.101748 0.014777 0.031217
0 0.736266 0.009085 0.015317 0.017450
0 0.577408 0.637557 0.012065 0.018447
0 0.475016 0.041853 0.012373 0.015067
0 0.475348 0.239458 0.022870 0.017223
0 0.784072 0.509925 0.013990 0.022670
0 0.660852 0.042503 0.009100 0.023367
0 0.107917 0.062465 0.013080 0.020277
0 0.174470 0.932497 0.015515 0.010300
0 0.702722 0.123288 0.015875 0.011983
0 0.774695 0.404907 0.011095 0.017460
0 0.583205 0.659073 0.019210 0.028700
0 0.686664 0.825512 0.011538 0.015283
0 0.082315 0.614382 0.020810 0.019117
0 0.445370 0.139475 0.010790 0.028063
0 0.708780 0.022553 0.014800 0.024473
0 0.460457 0.225183 0.008650 0.020447
0 0.475829 0.783853 0.010637 0.022647
0 0.630129 0.602092 0.012873 0.018123
0 0.594511 0.300813 0.019428 0.024133
0 0.026456 0.506508 0.018183 0.011050
0 0.030914 0.723413 0.016677 0.015800
0 0.146556 0.707975 0.021787 0.022917
0 0.686055 0.303135 0.017125 0.012163
0 0.544331 0.933507 0.008082 0.021493
0 0.616469 0.639987 0.010227 0.026473
0 0.738309 0.610495 0.018562 0.018177
0 0.806285 0.843062 0.013795 0.025883
0 0.243003 0.781030 0.019410 0.015007
0 0.069618 0.210272 0.013845 0.024783
0 0.427187 0.439565 0.012640 0.019017
0 0.233055 0.030215 0.013390 0.024857
0 0.176169 0.113875 0.020063 0.016223
0 0.611051 0.271993 0.016048 0.008980
0 0.412028 0.842397 0.013510 0.019973
0 0.943580 0.606965 0.020630 0.014230
0 0.639154 0.413625 0.009887 0.016623
0 0.101964 0.494990 0.014258 0.013540
0 0.575584 0.864215 0.017668 0.022010
0 0.452176 0.698790 0.011978 0.007960
0 0.553009 0.074398 0.010303 0.024383
0 0.241783 0.738048 0.012440 0.020057
0 0.228786 0.115383 0.013923 0.019847
0 0.241311 0.949357 0.015397 0.013947
0 0.522885 0.402730 0.018680 0.009780
0 0.439717 0.256403 0.006060 0.020660
0 0.769840 0.601040 0.013940 0.011720
0 0.114649 0.727843 0.020983 0.020267
0 0.192790 0.420510 0.012975 0.015660
0 0.533231 0.255645 0.012393 0.015223
0 0.083774 0.068848 0.017538 0.012810
0 0.306273 0.021308 0.011150 0.013703
0 0.145626 0.663655 0.017712 0.016623
0 0.053720 0.979028 0.008885 0.018977
0 0.951608 0.256028 0.010545 0.020417
0 0.401452 0.495368 0.008105 0.009757
0 0.574691 0.886558 0.016832 0.015263
0 0.853182 0.133092 0.013390 0.025870
0 0.432266 0.542035 0.011998 0.009883
0 0.883706 0.538532 0.010962 0.011857
0 0.537999 0.434650 0.010268 0.009980
0 0.049066 0.438680 0.015682 0.013960
0 0.511720 0.217615 0.013710 0.018470
0 0.960827 0.711392 0.011680 0.015330
0 0.014192 0.744872 0.017360 0.010790
0 0.332900 0.009813 0.014415 0.019627
0 0.277171 0.175343 0.010142 0.021913
0 0.319455 0.634787 0.014090 0.017720
0 0.576051 0.619242 0.006712 0.014883
0 0.359944 0.679522 0.015468 0.009397
0 0.971660 0.141072 0.010905 0.022230
0 0.712965 0.938595 0.018795 0.011623
0 0.197702 0.207480 0.012340 0.021367
0 0.053466 0.356965 0.011637 0.010837
0 0.457103 0.445508 0.015890 0.019217
0 0.991440 0.684102 0.011300 0.016850
0 0.046593 0.546937 0.012155 0.012027
0 0.562116 0.212500 0.017278 0.014380
0 0.534535 0.615467 0.007645 0.024647
0 0.895131 0.523927 0.016918 0.011933
0 0.690419 0.017097 0.013572 0.030980
0 0.676628 0.947880 0.012775 0.023780
0 0.112314 0.430880 0.025368 0.014487
0 0.560525 0.276698 0.010925 0.016043
0 0.111194 0.101358 0.015407 0.016130
0 0.398645 0.696512 0.019840 0.013997
0 0.069045 0.651640 0.019945 0.015247
0 0.864254 0.597102 0.008592 0.014217
0 0.743450 0.983972 0.012450 0.021210
0 0.749217 0.389543 0.015315 0.012480
0 0.992821 0.502225 0.014357 0.024643
0 0.836666 0.269410 0.022648 0.016687
0 0.531346 0.099663 0.009907 0.022927
0 0.610074 0.609942 0.008538 0.017917
0 0.130780 0.820157 0.021830 0.013453
0 0.918580 0.541732 0.011745 0.012117
0 0.251681 0.990305 0.022262 0.015557
0 0.228720 0.475745 0.009430 0.012437
0 0.390950 0.463682 0.009400 0.016750
0 0.566401 0.604380 0.009287 0.011780
0 0.981307 0.423355 0.014060 0.017230
0 0.174060 0.433765 0.012145 0.014937
0 0.032851 0.203700 0.011007 0.016220
0 0.398326 0.985930 0.012082 0.016760
0 0.368375 0.005408 0.012440 0.010817
0 0.088266 0.219578 0.012567 0.014363
0 0.813870 0.248297 0.018155 0.018560
0 0.978250 0.707992 0.018835 0.032443
0 0.864971 0.579252 0.009607 0.013170
0 0.324511 0.444012 0.012543 0.017257
0 0.896709 0.586340 0.014423 0.015627
0 0.680041 0.854703 0.008598 0.022580
0 0.631837 0.552760 0.012335 0.011407
0 0.275100 0.266480 0.011490 0.018167
0 0.294974 0.668970 0.012768 0.013927
0 0.673910 0.080097 0.007585 0.015193
0 0.065661 0.486453 0.008613 0.019487
0 0.739260 0.791568 0.008900 0.012477
0 0.490730 0.951448 0.014250 0.014263
0 0.238742 0.275575 0.018895 0.013443
0 0.685510 0.055212 0.010115 0.024170
0 0.064327 0.058162 0.013425 0.023190
0 0.503212 0.987365 0.017480 0.024717
0 0.046476 0.473202 0.017832 0.014617
0 0.146124 0.039522 0.021598 0.027897
0 0.557939 0.570395 0.008612 0.014497
0 0.704616 0.089140 0.016317 0.017940
0 0.852614 0.758223 0.019187 0.021547
0 0.658723 0.896840 0.013360 0.023927
0 0.880159 0.875692 0.017167 0.017903
0 0.195914 0.701028 0.016938 0.011650
0 0.114040 0.703815 0.010900 0.015003
0 0.744334 0.396257 0.008267 0.007273
0 0.524730 0.484723 0.007030 0.021773
0 0.343340 0.780578 0.011100 0.012610
0 0.097895 0.924522 0.011765 0.013710
0 0.414839 0.547272 0.012163 0.008110
0 0.203463 0.152753 0.009935 0.020127
0 0.300872 0.266380 0.010510 0.011300
0 0.090561 0.410955 0.012678 0.009730
0 0.049875 0.095617 0.009940 0.013120
0 0.784334 0.762730 0.016027 0.016193
0 0.314339 0.539927 0.010722 0.008633
0 0.137655 0.386870 0.015395 0.029627
0 0.468687 0.743483 0.027350 0.029633
0 0.997082 0.182512 0.005565 0.008623
0 0.604061 0.597505 0.009418 0.013077
0 0.042961 0.756293 0.012013 0.010980
0 0.069151 0.706110 0.018353 0.012180
0 0.944129 0.729540 0.015357 0.014073
0 0.509142 0.697630 0.019985 0.028913
0 0.428294 0.297322 0.007222 0.018997
0 0.494956 0.982420 0.014983 0.034860
0 0.377719 0.840150 0.008347 0.018080
0 0.281766 0.461740 0.012798 0.017193
0 0.908724 0.183277 0.007882 0.012767
0 0.718659 0.011115 0.011183 0.022137
0 0.469256 0.064827 0.006873 0.017860
0 0.147805 0.484040 0.017550 0.005940
0 0.660696 0.123808 0.008533 0.017770
0 0.715880 0.417942 0.008635 0.010083
0 0.198670 0.901543 0.014160 0.015187
0 0.838551 0.629520 0.014483 0.014260
0 0.310956 0.552908 0.012962 0.012897
0 0.557190 0.894937 0.016300 0.021727
0 0.879230 0.512040 0.009500 0.011133
0 0.122927 0.588822 0.011530 0.011623
0 0.806419 0.005805 0.008107 0.011550
0 0.262252 0.324417 0.012160 0.028773
0 0.196722 0.958083 0.013450 0.013527
0 0.258969 0.352810 0.015528 0.018880
0 0.499977 0.018705 0.006430 0.033843
0 0.313908 0.260840 0.008220 0.009140
0 0.940336 0.194602 0.016403 0.016597
0 0.927427 0.204150 0.010465 0.009033
0 0.597199 0.498875 0.009567 0.013943
0 0.431075 0.507630 0.010555 0.010773
0 0.231803 0.717862 0.017990 0.016837
0 0.026034 0.897522 0.019422 0.019930
0 0.516552 0.463180 0.007840 0.014973
0 0.282329 0.208092 0.011933 0.017223
0 0.568615 0.504955 0.007705 0.015830
0 0.241765 0.989442 0.013030 0.014177
0 0.221613 0.860150 0.015815 0.011073
0 0.771560 0.691722 0.008010 0.012923
0 0.159260 0.764530 0.011000 0.013380
0 0.111995 0.552707 0.019750 0.010607
0 0.576856 0.267048 0.009897 0.011283
0 0.409844 0.486722 0.011283 0.013923
0 0.196250 0.066728 0.012115 0.010750
0 0.298615 0.002815 0.011820 0.005623
0 0.493030 0.721878 0.010255 0.012497
0 0.325757 0.678540 0.008105 0.010220
0 0.268875 0.920155 0.015110 0.015410
0 0.311344 0.836955 0.011898 0.010370
0 0.956019 0.183632 0.015103 0.008917
0 0.600914 0.482017 0.008113 0.012073
0 0.496530 0.934978 0.006910 0.013430
0 0.454682 0.490712 0.007365 0.013390
0 0.738445 0.105013 0.012990 0.014767
0 0.061437 0.446940 0.019020 0.009393
0 0.099314 0.589665 0.009317 0.013543
0 0.036279 0.464705 0.021302 0.016783
0 0.129516 0.503100 0.016023 0.009993
0 0.051046 0.947667 0.015513 0.015547
0 0.160950 0.510537 0.007995 0.016747
0 0.226553 0.726732 0.008230 0.008243
0 0.148516 0.327682 0.008992 0.016910
0 0.031246 0.494533 0.018538 0.016360
0 0.432979 0.747857 0.015842 0.020467
0 0.574760 0.600613 0.009360 0.020020
0 0.094685 0.674672 0.017610 0.010677
0 0.400251 0.039577 0.013547 0.013267
0 0.072063 0.752275 0.015665 0.013503
0 0.788284 0.647870 0.019952 0.016407
0 0.351570 0.321922 0.011955 0.010637
0 0.725589 0.580087 0.007898 0.011580
0 0.278994 0.847257 0.013853 0.014207
0 0.755095 0.412755 0.009355 0.008070
0 0.653154 0.002853 0.008208 0.005680
0 0.365100 0.505033 0.011825 0.016147
0 0.491528 0.994772 0.009570 0.010457
0 0.620525 0.563645 0.014015 0.011010
0 0.713411 0.028027 0.007142 0.010913
0 0.929815 0.700403 0.008260 0.016173
0 0.068017 0.586100 0.017155 0.016853
0 0.936890 0.212448 0.006590 0.011710
0 0.955588 0.205643 0.012420 0.015487
0 0.689185 0.140613 0.007810 0.013187
0 0.489835 0.273988 0.008895 0.018843
0 0.675095 0.143102 0.015245 0.016583
0 0.304126 0.593930 0.013387 0.014520
0 0.639011 0.838567 0.011898 0.013767
0 0.977935 0.397433 0.007635 0.013840
0 0.118145 0.423048 0.025015 0.019010
2 0.368717 0.710858 0.007275 0.009450
2 0.633582 0.175082 0.007230 0.013230
2 0.710244 0.471747 0.010352 0.011653
2 0.962420 0.633775 0.008915 0.011830
2 0.239113 0.342080 0.012725 0.010147
3 0.671520 0.618932 0.010890 0.015050
3 0.727714 0.660870 0.017033 0.013220
3 0.552154 0.650987 0.013187 0.018707
3 0.650904 0.489327 0.014438 0.008040
3 0.197471 0.501590 0.016907 0.018727
3 0.485596 0.586478 0.010248 0.013183
3 0.249031 0.393150 0.012158 0.011940
3 0.384915 0.274200 0.012990 0.015680
3 0.690734 0.655023 0.012773 0.010307
3 0.419487 0.263493 0.009950 0.020860
3 0.475544 0.562558 0.010582 0.017703
3 0.180141 0.337113 0.011177 0.018827
3 0.182831 0.547652 0.010183 0.025690
3 0.649190 0.554903 0.010850 0.011753
3 0.482430 0.603028 0.007075 0.012957
3 0.365850 0.255388 0.007290 0.017683
3 0.164661 0.627143 0.011738 0.021973
3 0.493316 0.564493 0.007433 0.009313
3 0.403342 0.247042 0.009030 0.017410
3 0.149185 0.525403 0.017145 0.010273
3 0.608141 0.686505 0.013348 0.008417
3 0.415421 0.616793 0.004533 0.007940
3 0.208904 0.402375 0.013928 0.022970
3 0.670254 0.640493 0.007043 0.012840
3 0.702270 0.515560 0.010635 0.011520
3 0.534554 0.615528 0.006793 0.024323
3 0.638384 0.601323 0.007788 0.009640
3 0.183250 0.312372 0.009535 0.008483
3 0.046017 0.220062 0.008235 0.008337
3 0.724562 0.686377 0.014450 0.010547
3 0.157707 0.603913 0.012900 0.011533
3 0.270205 0.146580 0.013615 0.014640
3 0.568484 0.505780 0.006773 0.013593
3 0.241771 0.134937 0.015237 0.008033
3 0.540920 0.603913 0.005925 0.006060
3 0.954747 0.212358 0.010825 0.009490
3 0.204723 0.606398 0.005765 0.006270
3 0.715555 0.654080 0.009660 0.017360
3 0.711781 0.399070 0.007223 0.017307
2 0.015219 0.841117 0.016483 0.012353
0 0.595622 0.666710 0.009205 0.010780
2 0.917029 0.331527 0.012377 0.011000
0 0.608403 0.465183 0.010010 0.012727
0 0.449845 0.525310 0.010040 0.013353
3 0.621676 0.446413 0.006817 0.010047
0 0.641770 0.646328 0.012895 0.017370
3 0.499476 0.638772 0.016962 0.009297
3 0.249576 0.180067 0.011472 0.016580
3 0.118995 0.543152 0.019845 0.012103
0 0.228161 0.578050 0.013387 0.010873
0 0.097866 0.439945 0.014563 0.011363
3 0.167684 0.564507 0.018317 0.009080
3 0.469263 0.524938 0.006825 0.007457
2 0.504537 0.759647 0.008365 0.013267
2 0.802130 0.555923 0.006500 0.010640
2 0.023413 0.601200 0.009255 0.012413
0 0.224704 0.061895 0.008042 0.011770
1 0.410711 0.281260 0.009743 0.027733
3 0.212718 0.176257 0.007605 0.015460
2 0.613410 0.398968 0.006370 0.015137
0 0.947345 0.710478 0.009690 0.013183
1 0.397720 0.290210 0.017240 0.020780
2 0.452205 0.746188 0.007040 0.007857
1 0.256906 0.557252 0.013893 0.011290
2 0.740425 0.958212 0.008895 0.014383
2 0.701060 0.634555 0.009610 0.011877
2 0.473360 0.873028 0.007980 0.011723
2 0.127711 0.141728 0.006808 0.009957
1 0.151387 0.408273 0.010120 0.028667
0 0.211651 0.874177 0.006403 0.018953
0 0.379044 0.641332 0.008563 0.010263
0 0.717102 0.076752 0.015005 0.013263
2 0.708865 0.861245 0.006520 0.014403
2 0.210749 0.440083 0.007897 0.016760
3 0.159062 0.553300 0.008475 0.017867
3 0.421074 0.702035 0.006812 0.008790
0 0.926486 0.911118 0.019283 0.011750
3 0.123020 0.365845 0.016040 0.007490
3 0.592448 0.424278 0.012795 0.010817
0 0.663843 0.874090 0.008195 0.015207
0 0.580352 0.553133 0.008980 0.010547
0 0.806000 0.727037 0.010550 0.018793
0 0.899912 0.244088 0.020525 0.017830
3 0.359271 0.227293 0.011972 0.008333
0 0.503474 0.626113 0.010952 0.017113
0 0.794919 0.750807 0.012313 0.011833
0 0.222466 0.552737 0.015868 0.022127
0 0.372911 0.347718 0.010028 0.013297
0 0.694310 0.906850 0.013170 0.009300
0 0.794009 0.795825 0.010038 0.017950
0 0.460877 0.335450 0.009755 0.018167
0 0.905670 0.158773 0.012105 0.014720
0 0.696558 0.065172 0.007200 0.021410
0 0.776417 0.740187 0.011635 0.019627
0 0.015040 0.501472 0.020300 0.012583
0 0.617947 0.552825 0.012005 0.010683
0 0.954660 0.362115 0.011925 0.021737
0 0.043656 0.517178 0.023213 0.011957
2 0.939196 0.126182 0.012442 0.014343
0 0.199387 0.832015 0.018720 0.014297
0 0.896499 0.330647 0.012253 0.019933
0 0.460609 0.271747 0.016868 0.010640
0 0.582480 0.988515 0.011810 0.022163
0 0.491781 0.015128 0.006987 0.026477
0 0.256901 0.694963 0.010222 0.024587
0 0.855039 0.785960 0.017127 0.018787
0 0.909795 0.285700 0.010860 0.009733
2 0.239254 0.598807 0.014433 0.015140
2 0.304119 0.084097 0.039223 0.033853
0 0.163240 0.362530 0.022915 0.022767
0 0.850365 0.557132 0.008620 0.015663
0 0.252394 0.007462 0.007817 0.013463
0 0.029936 0.953590 0.016447 0.010713
0 0.413471 0.671918 0.014383 0.020083
0 0.375134 0.372033 0.012132 0.012333
2 0.141863 0.125762 0.033925 0.027523
0 0.116871 0.532233 0.018573 0.008867
2 0.440535 0.761600 0.007235 0.010060
0 0.599625 0.652133 0.011350 0.020133
1 0.406305 0.315390 0.013570 0.027600
0 0.230246 0.366687 0.016243 0.022573
0 0.896905 0.228658 0.016290 0.017283
2 0.642569 0.257935 0.011187 0.010603
0 0.036981 0.220653 0.018313 0.012727
2 0.586195 0.385037 0.006495 0.009347
0 0.962944 0.162638 0.010043 0.014917
1 0.385504 0.315642 0.014458 0.014757
3 0.365992 0.297762 0.009055 0.018503
0 0.694247 0.111167 0.007555 0.008467
0 0.067356 0.434413 0.009062 0.013627
2 0.942296 0.459022 0.008202 0.012077
2 0.183457 0.374317 0.009230 0.012673
0 0.275764 0.561800 0.016478 0.016947
0 0.496161 0.035580 0.009597 0.016427
2 0.852601 0.873078 0.010197 0.011677
0 0.232915 0.058687 0.006030 0.010893
0 0.920819 0.944113 0.017313 0.013827
2 0.258191 0.105318 0.012058 0.017757
0 0.228364 0.238223 0.015477 0.012113
0 0.171875 0.387570 0.011665 0.014453
0 0.230845 0.511613 0.012770 0.009240
0 0.226837 0.500395 0.009700 0.012143
3 0.138915 0.637242 0.019720 0.015543
0 0.124842 0.984497 0.021795 0.017440
0 0.130525 0.941947 0.013545 0.017433
0 0.038986 0.946098 0.014478 0.017023
0 0.241735 0.879213 0.010815 0.013293
0 0.249212 0.881903 0.008915 0.018040
0 0.239480 0.896383 0.010100 0.015033
0 0.210896 0.752600 0.012078 0.017067
0 0.332595 0.695715 0.010960 0.013097
0 0.667489 0.891198 0.006298 0.014617
0 0.729859 0.819833 0.010077 0.014873
0 0.728236 0.801450 0.011772 0.017767
0 0.787365 0.689995 0.008315 0.012010
0 0.781789 0.705805 0.009998 0.010357
2 0.894974 0.601670 0.012817 0.009393
0 0.703217 0.052173 0.010300 0.016607
0 0.917834 0.279412 0.013612 0.011250
0 0.910995 0.269682 0.014770 0.014243
2 0.992609 0.929677 0.009892 0.014760
0 0.200519 0.540945 0.007287 0.011223
3 0.110705 0.570755 0.026585 0.010290
2 0.199991 0.304465 0.015012 0.010830
0 0.653741 0.526833 0.015597 0.017200
0 0.676271 0.521957 0.019257 0.014633
3 0.566490 0.671105 0.008760 0.010457
3 0.558801 0.664792 0.011303 0.011950
3 0.533896 0.650872 0.014872 0.011270
3 0.530942 0.691613 0.006110 0.009913
0 0.433112 0.770822 0.007915 0.009870
0 0.604217 0.861322 0.011405 0.011870
0 0.591644 0.831652 0.011147 0.019817
0 0.542096 0.839815 0.010708 0.010550
3 0.330234 0.292693 0.011717 0.012900
0 0.108229 0.362463 0.012832 0.014053
0 0.506240 0.976417 0.011600 0.024447
0 0.571494 0.554930 0.008038 0.012400
0 0.442447 0.474215 0.008240 0.016163
0 0.416160 0.527992 0.018590 0.013503
3 0.476089 0.528427 0.011273 0.010613
3 0.142470 0.608463 0.008715 0.006727
3 0.691037 0.547500 0.015720 0.011333
1 0.685439 0.581320 0.020317 0.018133
0 0.265524 0.523198 0.009197 0.017603
