0 0.495835 0.172350 0.009440 0.026200
0 0.706426 0.273005 0.013658 0.016310
0 0.875200 0.763252 0.007810 0.016510
0 0.827102 0.252163 0.011955 0.016387
0 0.409536 0.573215 0.006993 0.014310
0 0.526326 0.508112 0.006707 0.014517
0 0.742684 0.735495 0.011692 0.016977
0 0.696142 0.817012 0.005810 0.015663
0 0.772486 0.263197 0.019168 0.013933
0 0.369476 0.638532 0.007482 0.014643
0 0.710069 0.923180 0.014212 0.008373
1 0.556605 0.968230 0.011630 0.020587
0 0.981979 0.432303 0.016207 0.011653
0 0.738691 0.973800 0.010918 0.014127
0 0.751186 0.904888 0.010457 0.009303
2 0.646181 0.737260 0.010497 0.015180
0 0.889652 0.351988 0.008205 0.018710
2 0.623973 0.863733 0.015560 0.012993
0 0.817734 0.866630 0.012933 0.013740
0 0.955025 0.363110 0.007200 0.011113
2 0.758715 0.120422 0.010470 0.009243
0 0.774216 0.944818 0.013337 0.017010
2 0.695920 0.069935 0.011535 0.015243
2 0.633564 0.761000 0.007822 0.009000
0 0.700421 0.788647 0.009592 0.021373
0 0.618747 0.967137 0.007300 0.015267
0 0.026873 0.516647 0.014505 0.013107
0 0.612720 0.975873 0.006510 0.012947
0 0.867882 0.494270 0.013165 0.012607
0 0.179124 0.696953 0.010423 0.011167
0 0.817741 0.907600 0.008207 0.019827
0 0.653072 0.664780 0.008105 0.014367
0 0.423606 0.187992 0.010158 0.024550
0 0.828716 0.554052 0.015478 0.010690
0 0.462222 0.332598 0.008925 0.025883
0 0.643290 0.473175 0.012325 0.008423
0 0.154089 0.742578 0.013498 0.014350
0 0.700615 0.589632 0.015445 0.016577
0 0.707072 0.832093 0.013770 0.009453
0 0.784809 0.310005 0.019502 0.013863
0 0.175700 0.637723 0.018075 0.012860
0 0.945261 0.481373 0.011962 0.014780
0 0.399574 0.322458 0.010303 0.018230
0 0.984369 0.465100 0.011303 0.007560
0 0.854206 0.556337 0.008793 0.015107
0 0.395033 0.626600 0.009735 0.017853
0 0.068489 0.705653 0.014877 0.016820
4 0.177637 0.007862 0.010105 0.011817
0 0.572566 0.716615 0.007908 0.010210
0 0.611724 0.811298 0.009027 0.018223
0 0.606307 0.815477 0.008510 0.011247
4 0.501758 0.691230 0.009675 0.007080
2 0.427898 0.118898 0.007435 0.015630
2 0.361192 0.087922 0.008425 0.016550
2 0.403876 0.121935 0.008478 0.020070
3 0.680541 0.975433 0.006162 0.010953
3 0.674974 0.962965 0.007602 0.015870
4 0.618526 0.677592 0.007848 0.013150
4 0.487271 0.664602 0.004668 0.011257
2 0.026126 0.992937 0.006143 0.011480
0 0.137190 0.598930 0.011335 0.017667
3 0.448360 0.366675 0.007515 0.007383
3 0.444248 0.352328 0.006725 0.009703
3 0.619621 0.394728 0.008842 0.006990
2 0.653151 0.287203 0.006118 0.013307
0 0.730071 0.168590 0.007738 0.008360
4 0.685090 0.046768 0.010530 0.016403
0 0.971501 0.156295 0.012153 0.012677
0 0.975958 0.197455 0.013680 0.011057
0 0.962990 0.198785 0.011670 0.008803
0 0.965746 0.241165 0.009842 0.015763
4 0.912462 0.279488 0.015605 0.011350
0 0.882470 0.343488 0.011210 0.008390
2 0.869750 0.483140 0.008550 0.011147
0 0.929813 0.488478 0.010820 0.013523
0 0.963944 0.481157 0.013622 0.011953
0 0.959304 0.535050 0.010447 0.013093
0 0.828926 0.896048 0.012722 0.013050
0 0.710426 0.817248 0.011727 0.009063
2 0.782638 0.898188 0.008290 0.013523
0 0.624845 0.974120 0.008630 0.011507
3 0.608673 0.907610 0.011660 0.018527
3 0.610862 0.931127 0.006685 0.018427
3 0.554327 0.863498 0.007325 0.013357
3 0.581310 0.872857 0.005680 0.013373
4 0.044712 0.963830 0.007580 0.013933
0 0.254761 0.613057 0.023443 0.011180
3 0.282610 0.354555 0.011140 0.007390
4 0.263824 0.221255 0.004598 0.012110
4 0.199485 0.054372 0.012860 0.010010
4 0.233472 0.834915 0.006305 0.015350
4 0.237368 0.895610 0.006785 0.011153
4 0.073446 0.882275 0.009823 0.013517
0 0.187293 0.716430 0.010280 0.016107
4 0.336736 0.757730 0.011907 0.009953
4 0.422909 0.831883 0.009883 0.013160
0 0.956339 0.863383 0.010382 0.016120
4 0.972625 0.889872 0.009845 0.012777
0 0.178161 0.881100 0.007183 0.015253
0 0.174835 0.724715 0.009585 0.012003
0 0.729429 0.180778 0.008043 0.018890
0 0.923734 0.872293 0.017618 0.024120
2 0.493119 0.884703 0.009537 0.013873
1 0.714996 0.430245 0.009377 0.013683
0 0.987459 0.278393 0.019567 0.035880
2 0.302679 0.246628 0.013562 0.011690
0 0.996509 0.428612 0.006982 0.010910
2 0.650179 0.397888 0.009232 0.013717
0 0.756845 0.789263 0.009460 0.011540
0 0.215113 0.601525 0.009735 0.012797
0 0.414526 0.975127 0.010648 0.015253
2 0.633238 0.770800 0.006090 0.008460
0 0.790907 0.926667 0.017035 0.011000
0 0.763774 0.479743 0.013258 0.016780
1 0.166959 0.766927 0.010972 0.011347
2 0.271810 0.224050 0.010620 0.011567
0 0.764795 0.833283 0.009120 0.009500
2 0.764719 0.130610 0.006713 0.011813
0 0.125566 0.632420 0.009373 0.012253
2 0.921598 0.574620 0.008830 0.011840
0 0.365679 0.564485 0.005718 0.010017
2 0.064245 0.347792 0.008510 0.013110
0 0.108715 0.634295 0.008260 0.013070
2 0.060047 0.581675 0.009335 0.013603
4 0.767829 0.430157 0.008467 0.011127
3 0.289614 0.345773 0.012572 0.010187
3 0.681244 0.316825 0.008987 0.017083
3 0.592010 0.936145 0.005990 0.015350
0 0.739775 0.473937 0.007495 0.019793
0 0.949041 0.871777 0.007102 0.008367
2 0.712310 0.877098 0.008740 0.008310
0 0.804536 0.902065 0.009662 0.011717
0 0.909845 0.479728 0.010590 0.010810
2 0.786933 0.994788 0.006790 0.010423
0 0.799071 0.693198 0.012262 0.018950
0 0.969524 0.527750 0.013097 0.010900
0 0.388200 0.517900 0.007150 0.009333
1 0.571555 0.815147 0.009950 0.012513
2 0.829533 0.607183 0.012205 0.011067
2 0.792476 0.648567 0.006673 0.010080
1 0.549719 0.687468 0.009328 0.011843
2 0.573735 0.757628 0.007695 0.013343
1 0.528523 0.658410 0.006915 0.012220
2 0.647985 0.595670 0.007585 0.015360
0 0.714362 0.178525 0.014725 0.013550
0 0.672547 0.619450 0.008755 0.013433
0 0.751024 0.652773 0.011548 0.012320
0 0.709996 0.595753 0.011908 0.011493
0 0.680481 0.621285 0.006913 0.021103
0 0.805186 0.687448 0.009322 0.011703
0 0.393804 0.524012 0.007593 0.009610
2 0.830620 0.044978 0.013205 0.015697
2 0.980914 0.410832 0.007553 0.013130
2 0.966646 0.823060 0.012077 0.016333
2 0.735574 0.512135 0.008788 0.011737
2 0.047919 0.575278 0.013512 0.011463
2 0.043351 0.591338 0.008772 0.012483
2 0.004799 0.768400 0.008023 0.018313
2 0.641194 0.767338 0.005827 0.008643
2 0.331855 0.403722 0.010190 0.009983
0 0.723971 0.473263 0.012157 0.011593
0 0.324091 0.276095 0.017433 0.017610
2 0.668267 0.404863 0.011415 0.013660
0 0.760930 0.933647 0.012160 0.012133
2 0.760679 0.136193 0.006008 0.007280
0 0.859975 0.480242 0.008225 0.018197
4 0.887936 0.183982 0.008773 0.016317
0 0.773464 0.620890 0.016053 0.010933
0 0.764306 0.697827 0.013952 0.014160
0 0.934075 0.378022 0.014510 0.012303
0 0.917875 0.416657 0.016910 0.010567
3 0.597269 0.856422 0.005303 0.011530
3 0.544416 0.887002 0.004832 0.010530
3 0.626028 0.402563 0.008385 0.007427
2 0.085722 0.302357 0.010265 0.017973
2 0.591954 0.315412 0.010033 0.014757
2 0.484734 0.350140 0.008702 0.011747
2 0.669794 0.468152 0.006163 0.011150
2 0.835424 0.621832 0.010817 0.010943
2 0.888579 0.649508 0.008563 0.014623
2 0.928539 0.699000 0.010867 0.019427
2 0.199559 0.545717 0.007222 0.011407
2 0.770804 0.706903 0.007072 0.010953
2 0.645638 0.278910 0.008635 0.009107
2 0.816976 0.317445 0.007928 0.012797
2 0.698250 0.340897 0.010465 0.012060
2 0.027679 0.536152 0.009473 0.011643
2 0.103055 0.190778 0.012750 0.014663
2 0.485324 0.848657 0.007317 0.016367
2 0.807126 0.216585 0.008207 0.013877
2 0.806965 0.526155 0.010775 0.011017
2 0.629654 0.555912 0.006637 0.010403
2 0.834094 0.364180 0.006973 0.009700
2 0.350756 0.119367 0.007833 0.017280
2 0.376712 0.778253 0.016925 0.017253
2 0.645520 0.287470 0.008060 0.009527
2 0.540645 0.411393 0.007740 0.010193
2 0.093115 0.587512 0.013665 0.010290
2 0.163247 0.648690 0.006675 0.010433
2 0.676274 0.731270 0.009157 0.010313
2 0.781681 0.281315 0.008898 0.012383
2 0.744459 0.522475 0.009152 0.012697
2 0.094841 0.839515 0.014477 0.010583
2 0.697842 0.303465 0.009330 0.012417
2 0.816329 0.531448 0.009003 0.012023
2 0.387260 0.347650 0.008845 0.012307
2 0.838675 0.611302 0.006040 0.011043
2 0.781942 0.177487 0.006405 0.012347
2 0.642990 0.853132 0.012345 0.009383
2 0.807281 0.434183 0.008132 0.011860
2 0.356417 0.027430 0.010850 0.016980
2 0.096194 0.505967 0.011927 0.016653
2 0.044824 0.121608 0.011503 0.018583
2 0.544590 0.676318 0.007995 0.012497
2 0.319950 0.369115 0.010305 0.011750
2 0.211934 0.887725 0.010812 0.017370
2 0.098969 0.897018 0.011398 0.012037
1 0.582595 0.552580 0.006910 0.017880
0 0.108857 0.550558 0.009230 0.012303
0 0.643130 0.853208 0.012795 0.009637
0 0.321730 0.139288 0.006950 0.021850
0 0.861636 0.762695 0.010263 0.013810
0 0.782990 0.280237 0.012365 0.012947
0 0.807225 0.434420 0.008435 0.012413
0 0.429899 0.715715 0.009697 0.015430
0 0.660620 0.869320 0.009220 0.013100
0 0.439069 0.400052 0.010478 0.014630
0 0.785389 0.190500 0.011617 0.016920
0 0.813801 0.895427 0.006868 0.014647
0 0.770730 0.706773 0.007270 0.010920
0 0.869753 0.802990 0.012190 0.015860
0 0.170299 0.891022 0.007107 0.018470
0 0.669783 0.468440 0.006755 0.012320
0 0.617256 0.479010 0.006857 0.010380
0 0.984355 0.373088 0.008720 0.012017
0 0.484704 0.350250 0.009493 0.011700
0 0.677719 0.601093 0.008747 0.007553
0 0.758236 0.676508 0.011702 0.011910
0 0.651497 0.681155 0.007305 0.014397
0 0.241805 0.736343 0.008560 0.016327
0 0.882759 0.941150 0.014793 0.015607
0 0.995145 0.358243 0.008020 0.011847
0 0.833879 0.363700 0.006773 0.008800
0 0.913521 0.437195 0.016713 0.010030
0 0.462211 0.451678 0.006707 0.018037
0 0.295966 0.411660 0.009423 0.016280
0 0.602205 0.505615 0.010730 0.010883
0 0.738679 0.900748 0.012258 0.011610
0 0.174280 0.659768 0.009615 0.014417
0 0.384648 0.502033 0.006150 0.011827
0 0.033181 0.276275 0.017803 0.012577
0 0.752220 0.883365 0.009255 0.018630
0 0.641924 0.180460 0.012322 0.019693
0 0.602830 0.481203 0.007755 0.012593
0 0.423441 0.609750 0.013743 0.013987
0 0.817076 0.317712 0.008183 0.012603
0 0.537719 0.540497 0.005582 0.010487
0 0.741295 0.997378 0.013115 0.005177
0 0.096150 0.505678 0.012485 0.017610
0 0.731141 0.626767 0.008428 0.011200
0 0.661717 0.206130 0.010655 0.013253
0 0.826993 0.570897 0.008300 0.016260
0 0.275558 0.723852 0.009385 0.011657
0 0.835269 0.289002 0.015097 0.013543
0 0.540869 0.411982 0.009477 0.011603
0 0.831639 0.923690 0.012502 0.020807
0 0.504095 0.618450 0.015320 0.010433
0 0.850070 0.289980 0.006285 0.012620
0 0.724882 0.859363 0.010320 0.011360
0 0.858359 0.247605 0.008038 0.013370
0 0.629014 0.811987 0.012978 0.013907
0 0.562664 0.714245 0.007942 0.011830
0 0.532094 0.552323 0.007842 0.012553
0 0.818447 0.297097 0.014915 0.011067
0 0.894090 0.535867 0.012700 0.009487
0 0.995164 0.528150 0.009357 0.013927
0 0.485318 0.848685 0.007785 0.016463
0 0.807041 0.216513 0.008267 0.013913
0 0.471142 0.646037 0.007135 0.014860
0 0.538205 0.501548 0.007685 0.011983
0 0.021094 0.499017 0.011403 0.013660
0 0.790005 0.189528 0.022040 0.015590
0 0.565494 0.699982 0.008163 0.009750
0 0.830140 0.766208 0.016585 0.010977
0 0.836993 0.260487 0.011045 0.012340
0 0.978255 0.375573 0.021495 0.014313
0 0.844763 0.844065 0.012930 0.012057
0 0.501313 0.573470 0.010920 0.011647
0 0.826979 0.263662 0.009463 0.009157
0 0.592035 0.315112 0.010175 0.015383
0 0.095325 0.728932 0.010890 0.020563
0 0.813810 0.263690 0.014830 0.010927
0 0.770789 0.232658 0.011072 0.021090
0 0.897865 0.576072 0.016880 0.009497
0 0.981626 0.519743 0.016737 0.012113
0 0.748455 0.985140 0.007190 0.023887
0 0.706638 0.383515 0.007165 0.017410
0 0.545311 0.502795 0.006707 0.013937
0 0.469217 0.581582 0.012325 0.016563
0 0.971109 0.341967 0.012513 0.008173
0 0.002058 0.678442 0.004115 0.014390
0 0.541601 0.489803 0.008637 0.010593
0 0.732541 0.922843 0.016497 0.015613
0 0.960205 0.402967 0.007920 0.010300
0 0.523991 0.590005 0.012293 0.010623
0 0.732900 0.157335 0.010270 0.013170
0 0.840285 0.435732 0.010690 0.015177
0 0.688045 0.183907 0.015025 0.012320
0 0.121025 0.797625 0.008570 0.019303
0 0.463794 0.604083 0.012033 0.013333
0 0.490731 0.508413 0.008647 0.009567
0 0.207621 0.614932 0.017692 0.013670
0 0.269579 0.296683 0.015853 0.013380
0 0.412732 0.527768 0.011320 0.009837
0 0.436380 0.663575 0.011585 0.014817
0 0.783031 0.792703 0.015247 0.011320
0 0.902779 0.340933 0.010532 0.010407
0 0.670904 0.665220 0.009988 0.010093
0 0.599900 0.438218 0.007370 0.008810
0 0.817824 0.574147 0.014903 0.014413
0 0.668225 0.114737 0.010835 0.022093
0 0.291212 0.597360 0.014800 0.012493
0 0.187214 0.597975 0.014262 0.013057
0 0.698797 0.250198 0.010405 0.013070
0 0.831991 0.688957 0.018352 0.010900
0 0.911526 0.441530 0.018747 0.014827
0 0.971779 0.207298 0.012627 0.009903
0 0.955493 0.349898 0.016860 0.009903
0 0.552794 0.530295 0.007258 0.018203
0 0.786750 0.356423 0.007790 0.017273
0 0.972812 0.490592 0.013275 0.013763
0 0.523731 0.543938 0.007147 0.011057
0 0.880138 0.641202 0.010985 0.011497
0 0.777447 0.689433 0.009600 0.009607
0 0.895118 0.518690 0.014400 0.014133
0 0.747799 0.392123 0.008143 0.019400
0 0.993992 0.459963 0.011990 0.008400
0 0.465470 0.623775 0.009430 0.024763
0 0.644180 0.950615 0.007615 0.019063
0 0.517291 0.521472 0.011852 0.008550
0 0.946142 0.411920 0.010900 0.013847
0 0.726404 0.684263 0.013677 0.013707
0 0.361981 0.578442 0.008543 0.012210
0 0.815649 0.791165 0.016192 0.014917
0 0.795970 0.174775 0.013130 0.012237
0 0.937671 0.198447 0.028952 0.029280
0 0.962336 0.389582 0.016827 0.009130
0 0.311684 0.518960 0.009647 0.013260
0 0.953745 0.233248 0.013540 0.009830
0 0.685229 0.238057 0.026803 0.040847
0 0.439336 0.521768 0.013322 0.012083
0 0.921965 0.500270 0.011950 0.012020
0 0.377033 0.592585 0.013190 0.010050
0 0.874945 0.289652 0.008210 0.019550
0 0.134957 0.767198 0.009920 0.014450
0 0.887888 0.525620 0.012720 0.011227
0 0.960525 0.147617 0.020340 0.016867
0 0.728422 0.464382 0.011685 0.012983
0 0.384997 0.627492 0.011035 0.015950
0 0.749079 0.636930 0.007098 0.013060
0 0.131879 0.803923 0.010033 0.018533
0 0.019584 0.376685 0.010793 0.015303
0 0.369723 0.239282 0.011745 0.024170
0 0.554166 0.499357 0.006727 0.012260
0 0.756356 0.730315 0.017173 0.009510
0 0.644872 0.499003 0.010105 0.010100
0 0.914852 0.528963 0.009055 0.013940
0 0.622736 0.488592 0.006903 0.010303
0 0.820087 0.287750 0.018105 0.019267
0 0.343457 0.725220 0.010210 0.013400
0 0.963559 0.165528 0.011548 0.012043
0 0.149369 0.838780 0.016238 0.015607
0 0.846332 0.570490 0.009585 0.014273
0 0.740821 0.857782 0.011613 0.011077
0 0.966965 0.516477 0.014010 0.009427
0 0.817307 0.846573 0.016165 0.011773
0 0.856851 0.290777 0.015962 0.013393
0 0.950898 0.462798 0.015310 0.009670
0 0.880520 0.391470 0.017445 0.021347
0 0.994088 0.476985 0.011570 0.013417
0 0.660112 0.675788 0.007560 0.015277
0 0.889900 0.330125 0.011670 0.007797
0 0.932777 0.449250 0.012305 0.014960
0 0.618610 0.819143 0.008790 0.012707
0 0.794081 0.850377 0.012843 0.012287
0 0.283904 0.643375 0.008398 0.013170
0 0.776937 0.299793 0.009535 0.018180
0 0.603329 0.290555 0.012983 0.019550
0 0.958804 0.450275 0.017972 0.010863
0 0.156925 0.884220 0.009655 0.020947
0 0.845923 0.975175 0.009075 0.022930
