1 0.981756 0.685275 0.011447 0.012823
0 0.843059 0.161075 0.012817 0.022110
0 0.609664 0.233100 0.013508 0.010373
2 0.557303 0.450152 0.014905 0.009583
1 0.481691 0.558622 0.009598 0.017043
1 0.488429 0.532105 0.008993 0.018710
1 0.338243 0.599633 0.016135 0.014427
1 0.846314 0.496120 0.009798 0.011933
1 0.803005 0.567535 0.011570 0.014923
1 0.320821 0.350480 0.013072 0.011947
1 0.808590 0.464637 0.009800 0.016753
1 0.223875 0.286623 0.011145 0.019420
2 0.063916 0.297168 0.012953 0.009623
3 0.383486 0.921180 0.008468 0.010293
2 0.617761 0.031770 0.012618 0.017647
0 0.378411 0.212268 0.012192 0.023950
0 0.451599 0.460872 0.008993 0.011583
0 0.653750 0.195345 0.011065 0.013517
1 0.818716 0.560443 0.009228 0.018473
1 0.808324 0.523335 0.008102 0.019990
0 0.727759 0.156020 0.008123 0.011387
1 0.649011 0.453490 0.015697 0.014407
1 0.776396 0.554463 0.013162 0.011173
0 0.840400 0.315100 0.014400 0.017733
1 0.402626 0.400700 0.011672 0.015247
1 0.986530 0.547652 0.010010 0.012097
1 0.734982 0.403833 0.010885 0.014867
2 0.894443 0.906425 0.010470 0.015837
1 0.792085 0.584237 0.010320 0.023187
1 0.803814 0.584330 0.011337 0.012347
0 0.931584 0.188872 0.007247 0.014037
1 0.793419 0.527993 0.014952 0.015473
1 0.753409 0.340925 0.010492 0.023463
1 0.243812 0.277300 0.010610 0.020407
1 0.545705 0.558147 0.013885 0.010887
1 0.465439 0.506913 0.008248 0.020207
1 0.550766 0.430933 0.011013 0.017907
1 0.513686 0.577988 0.007723 0.014843
1 0.450188 0.549278 0.015325 0.017510
1 0.443526 0.518753 0.017227 0.008840
1 0.354160 0.572582 0.010820 0.017963
1 0.362984 0.615242 0.012358 0.016737
1 0.308280 0.655512 0.007465 0.015910
1 0.322059 0.653682 0.013787 0.014150
1 0.345073 0.667832 0.017360 0.011703
1 0.356605 0.653885 0.009195 0.014830
1 0.386557 0.649530 0.013175 0.017280
1 0.372321 0.675725 0.008377 0.018777
1 0.391304 0.683005 0.011032 0.013743
1 0.406561 0.691033 0.010113 0.014013
1 0.417990 0.692192 0.007050 0.017423
1 0.399621 0.712737 0.010728 0.022047
1 0.580199 0.430438 0.010222 0.021243
1 0.807893 0.615470 0.014760 0.017020
0 0.154315 0.223420 0.018880 0.025640
0 0.337054 0.186912 0.010978 0.020017
0 0.641410 0.543910 0.013030 0.012487
0 0.917098 0.127048 0.011405 0.020697
1 0.852760 0.598858 0.012365 0.012377
1 0.719776 0.344725 0.008098 0.021783
1 0.789655 0.603215 0.011270 0.010703
1 0.815286 0.512345 0.011628 0.011550
1 0.665890 0.465233 0.012885 0.011520
1 0.788574 0.501262 0.014803 0.011657
1 0.570536 0.315333 0.013213 0.011520
1 0.918118 0.629025 0.010590 0.014883
1 0.890786 0.571547 0.013187 0.010387
1 0.306846 0.633158 0.010188 0.017677
1 0.817658 0.594403 0.009950 0.020227
1 0.833981 0.545317 0.009347 0.022033
3 0.880737 0.978563 0.014325 0.007860
1 0.228272 0.329592 0.008585 0.021883
0 0.001695 0.607680 0.003390 0.014960
0 0.635918 0.274893 0.009255 0.022160
0 0.245577 0.142377 0.014280 0.027473
0 0.566848 0.235800 0.011870 0.018607
0 0.385107 0.340227 0.012755 0.016920
0 0.618930 0.342473 0.008705 0.017247
0 0.401230 0.145577 0.009390 0.016340
0 0.987161 0.661630 0.022412 0.013047
1 0.893170 0.598813 0.010045 0.011160
1 0.473460 0.546920 0.010630 0.012907
1 0.611193 0.432573 0.011130 0.018080
2 0.609618 0.465253 0.009465 0.020507
1 0.635189 0.489417 0.012168 0.018407
