0 0.270413 0.617993 0.010860 0.012867
0 0.602114 0.656135 0.012007 0.015383
0 0.454110 0.685173 0.006015 0.009893
0 0.304071 0.672882 0.007812 0.011417
0 0.249591 0.744192 0.015492 0.014357
0 0.082875 0.599928 0.010480 0.012430
0 0.213719 0.596738 0.010027 0.011403
0 0.581876 0.531418 0.009197 0.010397
0 0.265009 0.617468 0.020873 0.012783
0 0.493810 0.680055 0.009965 0.008570
0 0.075375 0.094227 0.014605 0.020080
0 0.120970 0.126735 0.013925 0.014010
0 0.019970 0.190257 0.007900 0.012140
0 0.580640 0.316755 0.006145 0.011817
0 0.884375 0.012720 0.011435 0.009547
0 0.571783 0.495162 0.008565 0.009017
0 0.186116 0.575965 0.008088 0.011430
0 0.945468 0.329550 0.008205 0.010180
0 0.503729 0.552232 0.009572 0.015290
0 0.149036 0.341197 0.010262 0.014940
0 0.199199 0.543495 0.014273 0.014930
0 0.572860 0.700212 0.011625 0.023443
0 0.131043 0.625305 0.010090 0.014803
0 0.596350 0.591530 0.009705 0.013880
0 0.212304 0.625272 0.009792 0.011470
0 0.480285 0.775705 0.010485 0.014470
0 0.293475 0.571307 0.009050 0.014333
0 0.347460 0.743622 0.015855 0.015917
0 0.569490 0.478495 0.008830 0.008690
0 0.923930 0.430608 0.015170 0.014150
0 0.388486 0.737360 0.010853 0.025113
0 0.908890 0.272898 0.010350 0.016417
0 0.879001 0.224050 0.008553 0.013413
0 0.496623 0.709957 0.012465 0.014253
0 0.824086 0.888042 0.010258 0.020777
0 0.339914 0.710398 0.007738 0.023903
0 0.337940 0.820923 0.010745 0.023640
0 0.532260 0.689508 0.009975 0.010523
0 0.888040 0.318587 0.014815 0.018240
0 0.994135 0.993563 0.011010 0.007433
0 0.376437 0.544270 0.013685 0.011960
0 0.343780 0.709653 0.015645 0.025727
0 0.477269 0.681683 0.008252 0.009487
0 0.899629 0.201003 0.015163 0.012447
0 0.464747 0.653848 0.005440 0.016710
0 0.977709 0.278320 0.009287 0.015020
0 0.788078 0.010277 0.008755 0.020553
0 0.846535 0.040423 0.016700 0.017820
0 0.934274 0.338275 0.026337 0.016503
0 0.978294 0.262018 0.008413 0.012397
0 0.590451 0.383630 0.009048 0.011833
0 0.252730 0.641680 0.016995 0.012220
0 0.548155 0.390080 0.010505 0.013940
0 0.433120 0.947327 0.016910 0.015213
0 0.472675 0.649817 0.007150 0.018433
0 0.584454 0.966437 0.008402 0.013367
0 0.909567 0.408762 0.018015 0.007543
0 0.562415 0.614963 0.012580 0.013993
0 0.584359 0.945137 0.008673 0.018560
0 0.887621 0.695913 0.011908 0.013227
0 0.867354 0.215547 0.013702 0.014087
0 0.489004 0.672745 0.013683 0.010377
0 0.029037 0.203770 0.006525 0.013780
0 0.004919 0.276620 0.007713 0.010960
1 0.604335 0.374760 0.006900 0.012920
1 0.899986 0.391373 0.007457 0.008513
0 0.589536 0.340335 0.008277 0.011130
1 0.600913 0.388630 0.006490 0.009007
1 0.636051 0.496778 0.010122 0.016577
0 0.931674 0.364970 0.012197 0.011927
2 0.558889 0.640990 0.009192 0.010567
2 0.078296 0.072262 0.013227 0.010823
0 0.130729 0.839407 0.015372 0.012007
0 0.570749 0.573595 0.008482 0.011870
1 0.579433 0.367710 0.005335 0.008380
2 0.123317 0.776778 0.012215 0.012823
0 0.906288 0.257730 0.006925 0.012673
2 0.875651 0.070967 0.008852 0.012747
2 0.186727 0.934600 0.012925 0.012080
2 0.693224 0.574683 0.010402 0.011700
2 0.625924 0.888923 0.011613 0.014020
0 0.901625 0.347923 0.015685 0.015427
0 0.852321 0.260425 0.011197 0.021897
0 0.415842 0.684542 0.008260 0.014443
0 0.367521 0.679883 0.012118 0.011447
0 0.253690 0.685928 0.019185 0.012917
0 0.374102 0.708355 0.007415 0.014897
0 0.194334 0.970938 0.009138 0.017037
0 0.218874 0.611652 0.008257 0.012610
0 0.621431 0.635038 0.010903 0.012430
0 0.631559 0.613080 0.009487 0.017300
0 0.898366 0.022723 0.009867 0.016973
0 0.874211 0.301155 0.017403 0.013150
0 0.832457 0.697417 0.011205 0.020013
0 0.029208 0.792697 0.010085 0.014653
1 0.509769 0.457605 0.010752 0.010770
2 0.235245 0.233468 0.008810 0.013997
0 0.560696 0.519852 0.010623 0.015283
0 0.348225 0.687303 0.014160 0.011353
0 0.872709 0.266708 0.009418 0.018983
0 0.614490 0.626968 0.010420 0.018123
0 0.275438 0.474640 0.009690 0.014453
0 0.203540 0.615360 0.014290 0.009820
0 0.942750 0.240720 0.009845 0.023820
0 0.406825 0.790308 0.010415 0.032257
0 0.591759 0.475868 0.012668 0.011523
0 0.224130 0.911025 0.009365 0.022470
0 0.909510 0.307657 0.015790 0.014033
0 0.796993 0.245120 0.016880 0.011173
0 0.302554 0.690297 0.009123 0.017953
0 0.542336 0.669672 0.007827 0.018297
0 0.968940 0.254523 0.012195 0.017527
0 0.732649 0.208572 0.008268 0.018297
0 0.956958 0.304680 0.018640 0.010920
0 0.040869 0.016647 0.010318 0.018673
2 0.101458 0.532535 0.007415 0.010977
0 0.238880 0.577933 0.012590 0.008933
0 0.243142 0.548125 0.010100 0.013990
0 0.238093 0.626560 0.018625 0.016613
0 0.270359 0.563340 0.012853 0.019587
4 0.059979 0.239433 0.008197 0.013733
0 0.884609 0.041727 0.014067 0.009587
0 0.944678 0.354383 0.009170 0.008627
0 0.294398 0.796290 0.006930 0.014153
0 0.449144 0.660917 0.005908 0.012047
0 0.586404 0.661515 0.010337 0.014277
0 0.327259 0.625365 0.008697 0.009070
2 0.103214 0.717765 0.012903 0.011097
2 0.249779 0.801697 0.005243 0.007673
2 0.277780 0.658437 0.007030 0.013380
2 0.224456 0.863087 0.008222 0.010713
2 0.974305 0.878470 0.011455 0.010480
2 0.374459 0.826865 0.005952 0.010410
2 0.327467 0.624662 0.008940 0.009817
2 0.189699 0.767487 0.008757 0.013753
2 0.303897 0.672618 0.007115 0.010737
2 0.293425 0.571308 0.008875 0.014110
2 0.133051 0.767683 0.006953 0.009073
2 0.195909 0.686317 0.011187 0.010493
3 0.858539 0.005193 0.006147 0.010253
2 0.105221 0.577515 0.010032 0.013423
1 0.903656 0.400093 0.008523 0.008767
0 0.112610 0.099513 0.023675 0.015527
0 0.021039 0.203203 0.009252 0.011233
0 0.012845 0.294138 0.006055 0.012137
0 0.005689 0.289512 0.008157 0.011617
0 0.011485 0.281705 0.007220 0.011397
4 0.185839 0.163968 0.010537 0.009263
4 0.207787 0.228633 0.014820 0.015793
4 0.184170 0.328400 0.007525 0.017133
4 0.243125 0.419693 0.014130 0.008313
4 0.229608 0.442328 0.010215 0.011317
4 0.020043 0.423760 0.006320 0.009300
2 0.367260 0.833770 0.007295 0.009520
0 0.484259 0.688287 0.009407 0.009707
0 0.929795 0.378528 0.011760 0.010930
0 0.962228 0.389457 0.010335 0.012833
0 0.042955 0.125038 0.006085 0.014570
4 0.483148 0.849795 0.009205 0.012543
0 0.468396 0.887238 0.009002 0.011450
0 0.578804 0.953010 0.008678 0.015267
4 0.680713 0.778828 0.012545 0.013837
4 0.664394 0.670487 0.007207 0.011867
0 0.594239 0.330523 0.008663 0.008547
0 0.978001 0.981860 0.009247 0.014207
4 0.358596 0.417843 0.006987 0.018093
4 0.414799 0.384090 0.009418 0.008640
4 0.790787 0.944898 0.015460 0.012830
4 0.136956 0.982482 0.010677 0.013990
4 0.509189 0.611975 0.009873 0.007277
2 0.171653 0.606502 0.009435 0.010217
