0 0.586774 0.607090 0.006772 0.012867
0 0.555090 0.551655 0.009635 0.006237
0 0.640759 0.110233 0.008773 0.018013
0 0.380563 0.797400 0.010875 0.009867
0 0.638046 0.150398 0.009173 0.013497
0 0.847044 0.006097 0.015262 0.011087
0 0.718580 0.038355 0.008460 0.018923
3 0.496868 0.748543 0.004365 0.015453
3 0.491470 0.784675 0.009305 0.007217
3 0.492559 0.792643 0.015233 0.009620
2 0.370585 0.048837 0.007580 0.012393
0 0.372617 0.808738 0.010215 0.012723
2 0.742263 0.223585 0.007075 0.013377
0 0.808360 0.032353 0.010180 0.017627
0 0.089329 0.141090 0.007157 0.010287
3 0.429784 0.785963 0.008933 0.009807
0 0.642659 0.175132 0.009478 0.017583
3 0.458533 0.701745 0.007610 0.009903
0 0.410509 0.809952 0.011368 0.014697
3 0.409222 0.677470 0.005550 0.014007
3 0.430212 0.684937 0.014230 0.009027
3 0.427840 0.655747 0.007670 0.010360
0 0.828129 0.016637 0.011898 0.018180
0 0.499880 0.323960 0.012655 0.027353
0 0.712655 0.175663 0.008680 0.014327
0 0.591699 0.641005 0.009658 0.017277
0 0.146459 0.160382 0.011528 0.018197
0 0.302962 0.130210 0.017220 0.048060
0 0.525118 0.023368 0.015040 0.017123
0 0.689678 0.092975 0.006560 0.014797
0 0.507763 0.624380 0.007205 0.009980
0 0.546315 0.244652 0.009465 0.006150
4 0.548176 0.648515 0.008868 0.009077
3 0.447035 0.611822 0.018930 0.008043
3 0.463477 0.664573 0.007330 0.008327
4 0.532315 0.556887 0.006860 0.005833
3 0.590571 0.327993 0.005113 0.009740
3 0.552296 0.291670 0.006858 0.014607
0 0.492121 0.354367 0.007728 0.013233
3 0.502142 0.749333 0.004635 0.019067
0 0.453753 0.781825 0.010820 0.014183
0 0.201979 0.048075 0.010438 0.013650
0 0.689976 0.226740 0.010048 0.019800
0 0.575614 0.611108 0.010153 0.010990
0 0.516327 0.712532 0.006000 0.015650
0 0.190680 0.017602 0.014800 0.026277
0 0.509173 0.033232 0.010460 0.022343
0 0.352753 0.503978 0.007490 0.014217
0 0.746110 0.205393 0.013520 0.011133
0 0.618456 0.085590 0.014572 0.012927
0 0.448275 0.292303 0.010365 0.014087
0 0.244421 0.036507 0.010518 0.020367
0 0.509515 0.322678 0.012645 0.008477
0 0.208287 0.034102 0.008750 0.022083
0 0.214064 0.105717 0.012957 0.027133
0 0.074425 0.112467 0.011640 0.025060
0 0.441952 0.305685 0.012950 0.009297
0 0.645948 0.154767 0.004960 0.012840
0 0.698850 0.095227 0.009055 0.018000
0 0.274264 0.044182 0.008348 0.022423
3 0.483331 0.688270 0.009707 0.011967
3 0.461760 0.655262 0.005345 0.009190
3 0.543835 0.340340 0.007285 0.012627
3 0.516768 0.727035 0.013395 0.008857
3 0.402410 0.722037 0.004955 0.005627
3 0.490226 0.742797 0.008653 0.015527
3 0.434476 0.765277 0.006597 0.010880
3 0.442241 0.634957 0.005988 0.014633
3 0.455682 0.642293 0.006530 0.008907
3 0.386178 0.703928 0.003935 0.006417
3 0.461489 0.619827 0.008147 0.006380
3 0.446491 0.590223 0.012803 0.009133
3 0.415887 0.604498 0.007850 0.008390
3 0.419329 0.635645 0.007072 0.015563
3 0.423421 0.755810 0.007498 0.009967
3 0.475620 0.786447 0.012645 0.010307
3 0.488967 0.628105 0.003985 0.006590
3 0.497329 0.589193 0.009077 0.006713
3 0.747418 0.256257 0.009580 0.013027
3 0.495102 0.607675 0.008415 0.006337
3 0.407115 0.747953 0.004800 0.009040
3 0.425406 0.620257 0.004347 0.006327
3 0.466896 0.586455 0.009918 0.008117
2 0.764106 0.010973 0.007822 0.014313
0 0.137634 0.004388 0.016157 0.008723
0 0.482046 0.334225 0.006798 0.008057
0 0.822255 0.009173 0.009070 0.014120
0 0.726223 0.034713 0.006235 0.019940
0 0.687219 0.077905 0.013207 0.006250
0 0.237551 0.049683 0.008817 0.019787
0 0.464801 0.046463 0.012423 0.019260
0 0.502499 0.278190 0.013792 0.012533
0 0.513791 0.699637 0.011203 0.010573
0 0.684415 0.166647 0.009875 0.009567
0 0.680898 0.179007 0.006120 0.011587
0 0.418700 0.326930 0.011175 0.006813
0 0.843557 0.034460 0.008020 0.013100
0 0.261237 0.482257 0.005290 0.009307
0 0.708694 0.255562 0.009903 0.007437
0 0.412500 0.788413 0.007995 0.011893
0 0.273813 0.077837 0.003520 0.015493
0 0.121531 0.202802 0.007882 0.014597
0 0.482124 0.361190 0.010328 0.011293
0 0.280154 0.522420 0.005467 0.012260
0 0.456661 0.305782 0.006898 0.010110
0 0.579031 0.759270 0.009858 0.021820
0 0.791349 0.030790 0.012543 0.010493
0 0.475045 0.081315 0.009435 0.021283
0 0.691820 0.175750 0.006200 0.011187
0 0.364469 0.421065 0.013308 0.009030
0 0.247595 0.599298 0.010640 0.013777
0 0.646938 0.144032 0.009045 0.013197
0 0.740109 0.008243 0.008313 0.016473
0 0.716811 0.153995 0.015278 0.014203
0 0.710444 0.213578 0.010712 0.010957
2 0.751370 0.230197 0.009160 0.009873
0 0.823802 0.044133 0.011290 0.023280
0 0.809406 0.046250 0.007487 0.011833
2 0.228890 0.686825 0.013690 0.014223
3 0.464371 0.764470 0.007297 0.013540
3 0.488528 0.775383 0.006305 0.013280
3 0.482267 0.713848 0.015485 0.026697
3 0.467082 0.734428 0.008775 0.012883
3 0.517866 0.768545 0.022777 0.025110
3 0.416426 0.744907 0.011137 0.013520
3 0.415928 0.777417 0.006975 0.006800
0 0.953900 0.780428 0.006870 0.012630
0 0.177943 0.089163 0.015635 0.021727
0 0.346298 0.802420 0.016995 0.008373
0 0.722264 0.263300 0.009728 0.021980
0 0.269906 0.468263 0.011442 0.019647
2 0.681001 0.021980 0.010852 0.014307
0 0.714516 0.060463 0.007483 0.023927
0 0.787717 0.009318 0.010530 0.018637
0 0.668016 0.484752 0.006957 0.013763
0 0.598095 0.547557 0.006775 0.011847
0 0.008746 0.007583 0.009078 0.015007
0 0.501469 0.328735 0.008283 0.007763
0 0.232611 0.081268 0.007042 0.011330
0 0.758662 0.003765 0.013295 0.007530
0 0.606175 0.573448 0.006350 0.012063
0 0.498975 0.255067 0.007960 0.015333
0 0.427224 0.335447 0.011477 0.020013
0 0.320929 0.435765 0.007223 0.013090
0 0.429085 0.138775 0.010035 0.019063
0 0.265915 0.053390 0.006795 0.018967
