0 0.489709 0.280315 0.011467 0.019397
0 0.527541 0.763325 0.014832 0.017150
0 0.748030 0.968517 0.010490 0.020033
0 0.640188 0.842513 0.012525 0.011960
0 0.852696 0.894692 0.012442 0.015783
2 0.865700 0.040437 0.008460 0.014120
0 0.434643 0.321108 0.009915 0.014483
0 0.837426 0.865705 0.011653 0.019743
2 0.830852 0.993585 0.011055 0.012770
0 0.158215 0.330075 0.013255 0.017750
0 0.743991 0.520478 0.006982 0.021710
0 0.525085 0.785738 0.011320 0.011010
0 0.681963 0.107775 0.016270 0.019117
2 0.935970 0.070863 0.009140 0.012740
0 0.620610 0.624353 0.024495 0.042807
0 0.195553 0.593170 0.016725 0.012473
0 0.862003 0.136740 0.012155 0.023413
0 0.856129 0.907383 0.018008 0.012500
0 0.894840 0.788105 0.019345 0.050590
0 0.436918 0.309685 0.007265 0.014630
0 0.694263 0.189800 0.007775 0.026600
2 0.922024 0.254238 0.013597 0.013523
2 0.422906 0.012677 0.011222 0.014973
0 0.541046 0.783832 0.010043 0.016797
0 0.403831 0.319350 0.014663 0.016833
0 0.889950 0.983810 0.008500 0.018513
0 0.562695 0.543857 0.012750 0.014800
2 0.581501 0.545445 0.007197 0.016157
3 0.588580 0.580757 0.017380 0.018580
0 0.338600 0.802943 0.009900 0.024113
2 0.225099 0.063025 0.010718 0.018790
2 0.039495 0.176742 0.012100 0.014783
0 0.363908 0.129032 0.012225 0.018050
2 0.406725 0.841285 0.006250 0.011503
0 0.038650 0.506013 0.019935 0.013373
0 0.088977 0.559287 0.009545 0.017107
0 0.397084 0.901302 0.017317 0.017223
0 0.554161 0.048007 0.015328 0.027213
0 0.328311 0.402368 0.008177 0.013337
0 0.159719 0.370328 0.020752 0.011837
3 0.533041 0.372827 0.008388 0.011887
3 0.505020 0.386292 0.006205 0.008250
2 0.870194 0.809123 0.008773 0.010973
0 0.740921 0.182858 0.008108 0.017850
0 0.449204 0.316733 0.009408 0.016113
0 0.598871 0.686480 0.016847 0.015353
0 0.516973 0.797628 0.008695 0.030363
0 0.575014 0.635553 0.010433 0.016913
0 0.383137 0.587463 0.008225 0.018793
0 0.632610 0.990828 0.009870 0.018343
0 0.687686 0.911760 0.011192 0.010413
0 0.793796 0.991872 0.008692 0.013337
0 0.803356 0.991478 0.008988 0.012550
0 0.905128 0.917162 0.013985 0.009803
0 0.932406 0.936285 0.012963 0.012363
0 0.886169 0.857005 0.008952 0.012503
0 0.892237 0.818175 0.015615 0.016737
0 0.915666 0.772188 0.014382 0.008570
3 0.912634 0.072953 0.012502 0.019013
0 0.859605 0.117498 0.012740 0.016657
0 0.451047 0.219520 0.007560 0.020393
0 0.346889 0.032615 0.014163 0.019750
0 0.701553 0.544597 0.007405 0.018593
0 0.503601 0.549445 0.010882 0.016737
0 0.894938 0.889693 0.010200 0.008940
2 0.465570 0.048270 0.011215 0.013953
2 0.504850 0.093470 0.010200 0.014607
0 0.599531 0.639575 0.009303 0.018203
2 0.997141 0.914883 0.005717 0.009967
0 0.686852 0.970067 0.009945 0.016580
0 0.332969 0.192550 0.009163 0.015900
0 0.408205 0.571648 0.012475 0.011830
0 0.513679 0.767478 0.008678 0.024050
0 0.513485 0.946767 0.013280 0.015933
0 0.597325 0.703577 0.016500 0.020887
0 0.738590 0.195727 0.006770 0.014253
0 0.701829 0.193560 0.008957 0.023213
2 0.954809 0.623990 0.007332 0.014780
0 0.193749 0.623577 0.016502 0.010087
0 0.843882 0.929543 0.008715 0.021913
0 0.710157 0.986465 0.010490 0.023523
0 0.670205 0.364422 0.009210 0.017430
0 0.970719 0.463870 0.019872 0.012620
0 0.472126 0.778512 0.009667 0.027430
0 0.655480 0.482338 0.012850 0.009117
0 0.680894 0.168225 0.011988 0.029763
0 0.567921 0.345740 0.010918 0.018020
0 0.588265 0.475193 0.012585 0.023640
0 0.364783 0.734718 0.014440 0.013063
0 0.648948 0.938318 0.009695 0.027123
0 0.588610 0.682973 0.014860 0.011440
0 0.655007 0.434685 0.014005 0.013683
0 0.471405 0.298757 0.009575 0.020547
0 0.440059 0.153670 0.008743 0.019147
0 0.858566 0.097228 0.015763 0.014430
0 0.214498 0.109747 0.012820 0.024333
0 0.351565 0.282422 0.008950 0.017770
0 0.918224 0.178245 0.019628 0.017977
0 0.503939 0.632943 0.014787 0.013047
0 0.073041 0.796725 0.009797 0.021610
0 0.872645 0.938202 0.012695 0.028970
0 0.733681 0.478065 0.015712 0.010590
0 0.603401 0.249065 0.016662 0.015597
0 0.566970 0.221542 0.011530 0.026683
0 0.346414 0.681455 0.016783 0.015937
0 0.659384 0.411898 0.010168 0.020890
0 0.112537 0.276903 0.020140 0.014893
0 0.220859 0.244797 0.021698 0.012633
0 0.449009 0.474730 0.012022 0.020880
0 0.907620 0.532000 0.017005 0.019160
0 0.891214 0.066753 0.012598 0.026367
0 0.760965 0.964143 0.008630 0.027507
0 0.964585 0.504283 0.018900 0.012740
0 0.414384 0.377232 0.017053 0.014557
0 0.388789 0.044418 0.010587 0.029837
0 0.557074 0.401712 0.019013 0.028037
0 0.157406 0.690367 0.010882 0.018873
0 0.309595 0.750205 0.009115 0.017710
0 0.984974 0.104338 0.016122 0.018470
0 0.553891 0.184623 0.019598 0.013660
0 0.315078 0.083585 0.010490 0.030150
0 0.203490 0.176673 0.012910 0.023227
0 0.538432 0.714313 0.008400 0.024793
0 0.599405 0.752330 0.026870 0.023853
0 0.294311 0.256345 0.017137 0.017170
0 0.554425 0.792322 0.012120 0.018837
0 0.755531 0.366298 0.018277 0.018903
0 0.864609 0.220452 0.018533 0.014757
0 0.250659 0.549512 0.016263 0.009217
0 0.413065 0.299023 0.013330 0.023987
0 0.440801 0.786415 0.011452 0.020650
0 0.618148 0.428858 0.010505 0.034130
0 0.622454 0.021037 0.010067 0.019267
0 0.480762 0.420832 0.015155 0.012577
0 0.657054 0.872458 0.014817 0.015177
0 0.115537 0.291583 0.018655 0.014400
0 0.731695 0.050940 0.018955 0.013453
0 0.177365 0.281777 0.013480 0.010487
0 0.556419 0.292218 0.014758 0.025477
0 0.982915 0.965308 0.015750 0.015837
0 0.141445 0.231507 0.020610 0.015133
0 0.764227 0.131395 0.010680 0.021783
0 0.422835 0.125558 0.011815 0.018390
0 0.276072 0.027438 0.016455 0.021723
0 0.584953 0.325810 0.020620 0.020687
0 0.494489 0.571452 0.007912 0.018403
0 0.366554 0.611693 0.016088 0.012020
0 0.187643 0.054992 0.015060 0.014643
0 0.689059 0.673317 0.014617 0.009753
0 0.802629 0.859843 0.013607 0.011313
0 0.307265 0.147580 0.014685 0.022360
0 0.577590 0.258073 0.015030 0.022580
0 0.844805 0.347005 0.014615 0.024957
0 0.372710 0.701617 0.012560 0.019940
0 0.715831 0.137695 0.010647 0.029830
0 0.986680 0.545873 0.017020 0.017847
0 0.124356 0.249387 0.010633 0.018780
0 0.438805 0.285653 0.007970 0.022260
0 0.411393 0.612327 0.015035 0.015433
0 0.538909 0.584885 0.010567 0.010670
0 0.880946 0.440765 0.011798 0.014723
0 0.960225 0.158240 0.019505 0.017380
0 0.667714 0.967500 0.006767 0.022393
0 0.447736 0.409188 0.014493 0.010583
0 0.510001 0.245715 0.013692 0.019157
0 0.363109 0.070620 0.016558 0.023553
0 0.942634 0.556620 0.012762 0.027100
0 0.561321 0.757602 0.018508 0.012130
0 0.126829 0.558012 0.010903 0.014757
0 0.372575 0.407537 0.010500 0.012900
0 0.180535 0.447513 0.018625 0.022960
0 0.169844 0.253968 0.017598 0.024263
0 0.373100 0.385748 0.014140 0.012623
0 0.277122 0.741650 0.015335 0.014607
0 0.879641 0.401510 0.016702 0.013660
0 0.807030 0.076220 0.016330 0.021607
0 0.281295 0.102118 0.015535 0.026037
0 0.823150 0.417672 0.015000 0.013803
0 0.426931 0.426498 0.006803 0.016757
0 0.944179 0.475143 0.014102 0.014780
0 0.552039 0.844210 0.011873 0.030960
0 0.701670 0.098752 0.018585 0.021623
0 0.512606 0.626095 0.013288 0.018423
0 0.818799 0.108692 0.010202 0.017283
0 0.310659 0.309118 0.010393 0.018510
0 0.952814 0.034028 0.018847 0.015430
0 0.121667 0.027067 0.013115 0.020340
0 0.331355 0.786390 0.007470 0.019760
0 0.502469 0.154042 0.014717 0.012257
0 0.427105 0.183060 0.014575 0.017287
0 0.194581 0.558938 0.017213 0.009683
0 0.710625 0.008362 0.014420 0.016723
0 0.441178 0.447060 0.010410 0.014887
0 0.253316 0.833553 0.016537 0.011247
0 0.023419 0.626093 0.019098 0.017080
0 0.943767 0.006043 0.017555 0.012087
0 0.518805 0.043257 0.011810 0.018840
0 0.908567 0.807700 0.013230 0.008633
0 0.177580 0.220040 0.010335 0.012440
0 0.499516 0.477940 0.011558 0.011647
0 0.772796 0.951005 0.012308 0.008143
0 0.641417 0.500783 0.013100 0.012673
0 0.784928 0.554925 0.010810 0.018423
0 0.982640 0.008927 0.011370 0.017853
0 0.932083 0.961993 0.008915 0.010120
0 0.840244 0.510312 0.009268 0.015070
0 0.256804 0.385998 0.016922 0.015617
0 0.582122 0.024330 0.015220 0.023987
0 0.675815 0.445167 0.011515 0.016073
0 0.669226 0.633023 0.009627 0.019640
0 0.378057 0.240983 0.008885 0.020967
0 0.438424 0.854860 0.011132 0.014140
0 0.261423 0.138925 0.011020 0.018617
0 0.876035 0.951767 0.013170 0.010300
0 0.145668 0.330203 0.015825 0.017540
0 0.832793 0.920472 0.011495 0.010423
0 0.161191 0.557218 0.007988 0.011403
0 0.532674 0.690117 0.005022 0.012620
0 0.662285 0.021527 0.011660 0.015320
0 0.558430 0.154153 0.014120 0.037340
0 0.472760 0.181070 0.011780 0.016493
0 0.591946 0.007220 0.011748 0.014440
0 0.831934 0.143468 0.011888 0.013317
0 0.320265 0.693973 0.016170 0.013540
0 0.564566 0.705260 0.026408 0.037860
0 0.821124 0.531715 0.014893 0.018657
0 0.508483 0.605077 0.014650 0.014767
0 0.426475 0.519062 0.011085 0.012490
0 0.048671 0.035017 0.010263 0.018080
0 0.729148 0.202053 0.007950 0.013187
0 0.316841 0.276085 0.013543 0.021850
0 0.908089 0.943955 0.010158 0.017170
0 0.559395 0.719128 0.012710 0.014237
0 0.535207 0.233135 0.010655 0.027223
0 0.642610 0.904433 0.009560 0.019167
0 0.312656 0.832330 0.010903 0.026367
0 0.890898 0.005723 0.010135 0.011447
0 0.644747 0.357245 0.015130 0.008977
0 0.889118 0.772468 0.032585 0.033030
0 0.624389 0.957905 0.012768 0.023010
0 0.257790 0.488403 0.014665 0.016133
0 0.171975 0.603167 0.016050 0.010253
0 0.720674 0.957968 0.018617 0.017230
0 0.483342 0.602347 0.010520 0.007060
0 0.359601 0.571965 0.015092 0.013937
0 0.251949 0.788425 0.016938 0.015097
0 0.295601 0.837918 0.017028 0.014863
0 0.354623 0.603902 0.013970 0.013270
0 0.471905 0.004273 0.017695 0.008527
0 0.330577 0.532565 0.010210 0.009763
0 0.323654 0.576557 0.009112 0.014507
0 0.990299 0.704082 0.011863 0.012370
0 0.347719 0.741043 0.007492 0.014233
0 0.518989 0.417567 0.010692 0.019540
0 0.470029 0.616390 0.011658 0.019113
0 0.480624 0.343903 0.015613 0.012947
0 0.554926 0.586737 0.012962 0.014460
0 0.216952 0.690838 0.013815 0.016577
0 0.564040 0.700075 0.009875 0.027077
0 0.315763 0.747772 0.014635 0.028497
0 0.359623 0.849217 0.014170 0.020367
0 0.726896 0.561012 0.016632 0.016077
0 0.539237 0.798652 0.008810 0.013363
0 0.169355 0.548687 0.016555 0.008953
0 0.209241 0.279593 0.013602 0.019753
0 0.529195 0.127993 0.017110 0.019700
0 0.197861 0.728622 0.011032 0.013897
0 0.333120 0.325628 0.016210 0.014750
0 0.338771 0.376835 0.010322 0.017063
0 0.635251 0.698492 0.012403 0.013363
0 0.655612 0.518987 0.012170 0.011427
0 0.619493 0.374202 0.024400 0.015297
0 0.897415 0.924842 0.007345 0.010070
0 0.572165 0.707200 0.010655 0.022387
0 0.862829 0.490090 0.013767 0.010467
0 0.865865 0.405885 0.012365 0.018470
0 0.164875 0.191122 0.011160 0.009957
0 0.230876 0.582142 0.007913 0.010263
0 0.261619 0.773027 0.015898 0.013720
0 0.879171 0.822200 0.008902 0.008520
0 0.391997 0.921688 0.013505 0.015130
0 0.014530 0.428773 0.017845 0.017807
0 0.870589 0.869937 0.008082 0.018813
0 0.527828 0.648468 0.016585 0.015123
0 0.283849 0.793788 0.004908 0.011990
0 0.586782 0.005832 0.010130 0.011663
0 0.869645 0.784738 0.011655 0.012223
0 0.396041 0.304407 0.008457 0.010547
0 0.547009 0.516187 0.005992 0.021620
0 0.106805 0.337260 0.009660 0.013093
0 0.795106 0.916765 0.009353 0.015170
0 0.880242 0.968873 0.008250 0.008893
0 0.534855 0.570103 0.014480 0.012880
0 0.408964 0.487208 0.013533 0.010710
0 0.315870 0.756825 0.006615 0.010497
0 0.256342 0.716417 0.007615 0.011900
0 0.160919 0.201667 0.008343 0.010753
0 0.590141 0.327577 0.009923 0.021093
0 0.889371 0.922475 0.010683 0.005617
0 0.340799 0.772155 0.011373 0.018417
2 0.245995 0.038353 0.007150 0.011500
3 0.893811 0.023395 0.009107 0.014317
3 0.629255 0.746590 0.009220 0.007500
3 0.557756 0.379872 0.013457 0.012277
3 0.379065 0.513942 0.009995 0.006457
3 0.462365 0.685272 0.006610 0.009203
3 0.556334 0.441255 0.005912 0.009043
3 0.237839 0.733980 0.011757 0.007180
3 0.444606 0.673822 0.006017 0.010057
3 0.580098 0.657175 0.011995 0.014223
3 0.491971 0.235030 0.013168 0.011187
3 0.477893 0.590505 0.015915 0.008837
3 0.383870 0.657483 0.004485 0.007440
3 0.518271 0.539917 0.006317 0.007207
3 0.347290 0.545955 0.005025 0.008557
3 0.641015 0.588475 0.008005 0.008923
0 0.641874 0.675908 0.006192 0.011890
3 0.648902 0.662470 0.009535 0.016853
0 0.783942 0.690167 0.011515 0.015733
0 0.553882 0.025470 0.011140 0.015580
