2 0.762874 0.553493 0.006477 0.007147
1 0.543392 0.895123 0.010840 0.014327
0 0.224462 0.656743 0.011725 0.018913
0 0.822085 0.621977 0.007080 0.008553
0 0.738614 0.513222 0.009028 0.009377
4 0.478205 0.047187 0.009710 0.010027
4 0.718095 0.579827 0.014590 0.009373
0 0.348654 0.885675 0.010183 0.014723
0 0.088343 0.672082 0.011225 0.013437
0 0.627668 0.693267 0.008785 0.017467
0 0.625448 0.730448 0.008445 0.013837
0 0.570832 0.760167 0.009990 0.012060
0 0.572456 0.811312 0.008673 0.012850
4 0.818271 0.614235 0.012112 0.010750
4 0.953564 0.776643 0.015997 0.009133
0 0.690524 0.588678 0.008647 0.012757
0 0.479064 0.732178 0.009787 0.013750
0 0.634662 0.683018 0.011025 0.014837
0 0.633606 0.727150 0.010288 0.015100
0 0.595960 0.674015 0.021080 0.033170
0 0.629530 0.605565 0.041190 0.043043
0 0.423214 0.449417 0.005132 0.018300
0 0.548956 0.625922 0.006337 0.023377
2 0.613861 0.760077 0.007518 0.011980
2 0.267269 0.680567 0.007613 0.010640
2 0.038403 0.259220 0.005980 0.007627
2 0.369800 0.650723 0.010130 0.019600
2 0.691573 0.509852 0.008595 0.007403
0 0.295816 0.115757 0.014267 0.017647
0 0.195549 0.140190 0.012068 0.016733
0 0.207856 0.243055 0.012873 0.017377
0 0.219280 0.240683 0.009655 0.016540
4 0.076990 0.402958 0.014640 0.009463
0 0.113655 0.446743 0.012710 0.018020
0 0.169322 0.464333 0.011425 0.018020
0 0.167070 0.447923 0.006920 0.014373
0 0.211233 0.492430 0.016415 0.015460
0 0.207775 0.703625 0.009815 0.018257
0 0.182648 0.970470 0.007750 0.012860
2 0.203832 0.966297 0.007885 0.014260
0 0.381877 0.822400 0.010405 0.010473
0 0.393084 0.811958 0.009858 0.012843
0 0.632493 0.741775 0.007645 0.010577
3 0.471766 0.483672 0.007027 0.011697
3 0.474965 0.491170 0.007645 0.009080
3 0.495612 0.456085 0.006825 0.014037
3 0.454820 0.402067 0.011855 0.009080
3 0.440254 0.456492 0.007542 0.020650
0 0.350894 0.406683 0.017462 0.017833
2 0.196340 0.273038 0.010305 0.013743
0 0.141134 0.292543 0.010748 0.018640
0 0.081004 0.356358 0.009278 0.012937
0 0.095926 0.384097 0.007953 0.017053
0 0.037321 0.408307 0.008837 0.014047
4 0.462295 0.048065 0.007060 0.009930
4 0.804957 0.306617 0.007800 0.008387
0 0.562327 0.903913 0.007295 0.012707
0 0.569255 0.901017 0.006880 0.012520
2 0.802646 0.569098 0.005388 0.006037
2 0.250976 0.934312 0.012347 0.009703
2 0.809447 0.573617 0.005935 0.004687
3 0.490515 0.467575 0.010905 0.007417
3 0.021798 0.435408 0.012615 0.005990
3 0.529372 0.455590 0.007015 0.017320
3 0.520340 0.347042 0.005145 0.012750
3 0.502864 0.457135 0.005392 0.015877
0 0.156164 0.361010 0.011148 0.019387
0 0.235288 0.059598 0.011345 0.018543
3 0.500981 0.492472 0.007308 0.014897
3 0.472359 0.504657 0.008983 0.011913
0 0.474273 0.543578 0.007345 0.020463
0 0.761169 0.620240 0.015418 0.011460
0 0.371371 0.192807 0.008603 0.022933
0 0.517075 0.602912 0.005370 0.014797
0 0.436154 0.546345 0.007643 0.017323
0 0.184195 0.615877 0.014380 0.011687
0 0.427156 0.767813 0.008962 0.021927
0 0.706977 0.266182 0.008955 0.020117
0 0.666765 0.602988 0.010445 0.012037
0 0.370675 0.614893 0.007750 0.012227
0 0.510366 0.392663 0.007462 0.009087
0 0.601816 0.586758 0.006812 0.012510
0 0.350821 0.808430 0.007583 0.008173
0 0.416015 0.657112 0.006805 0.016283
0 0.359826 0.814218 0.009683 0.011323
0 0.347099 0.902570 0.009347 0.016353
0 0.161384 0.451043 0.006067 0.014733
0 0.234003 0.187523 0.006900 0.017567
0 0.086736 0.378102 0.009763 0.011490
0 0.005919 0.054357 0.011417 0.015667
0 0.345283 0.767322 0.005680 0.012390
0 0.114719 0.768407 0.014912 0.013253
0 0.434396 0.803467 0.005007 0.011400
0 0.354226 0.251463 0.012803 0.013127
0 0.513581 0.205962 0.009113 0.026523
0 0.353719 0.818592 0.008117 0.010530
3 0.540969 0.401430 0.004638 0.007927
3 0.551424 0.400867 0.006313 0.009367
3 0.653080 0.401822 0.008685 0.012950
0 0.195885 0.343617 0.015505 0.013580
0 0.191389 0.330833 0.007812 0.012567
0 0.584937 0.845203 0.004995 0.005953
0 0.588291 0.839288 0.003618 0.007157
0 0.583230 0.839703 0.005990 0.005887
0 0.628254 0.191660 0.008457 0.009473
0 0.620934 0.198483 0.006352 0.010033
0 0.440351 0.798065 0.009752 0.010963
0 0.464842 0.586777 0.009565 0.014680
0 0.667931 0.500880 0.010952 0.008880
0 0.175563 0.044355 0.009135 0.018477
0 0.136286 0.379132 0.018737 0.013523
0 0.178531 0.200305 0.009298 0.023923
0 0.565007 0.883217 0.008395 0.014587
0 0.683097 0.541910 0.012250 0.023813
0 0.555251 0.618382 0.006303 0.014723
0 0.372815 0.706073 0.006870 0.019007
0 0.645740 0.223082 0.009970 0.023663
0 0.607944 0.824790 0.009257 0.021013
0 0.562749 0.865300 0.009697 0.016040
0 0.238860 0.200745 0.014500 0.018190
0 0.511936 0.612562 0.010713 0.011710
0 0.568055 0.602655 0.006245 0.014557
0 0.417661 0.559735 0.007467 0.013643
0 0.101666 0.185790 0.024358 0.029020
0 0.248315 0.234640 0.010550 0.016013
0 0.107996 0.067890 0.007608 0.013080
0 0.368592 0.685520 0.006030 0.015367
0 0.386331 0.803017 0.005632 0.015620
0 0.417685 0.609788 0.012160 0.018150
0 0.102479 0.046370 0.010663 0.017693
0 0.625313 0.241218 0.008825 0.013183
0 0.091785 0.013950 0.012810 0.024073
0 0.505809 0.538605 0.008627 0.010483
0 0.231458 0.430467 0.019125 0.010613
0 0.671975 0.462297 0.009490 0.014053
0 0.002905 0.939882 0.005775 0.018090
0 0.180255 0.292187 0.008365 0.013807
0 0.661591 0.530027 0.008732 0.014620
0 0.058991 0.074433 0.010228 0.016113
0 0.209540 0.378338 0.008915 0.012490
0 0.373900 0.678468 0.006850 0.021410
0 0.572887 0.549957 0.013150 0.011167
0 0.396175 0.378002 0.025645 0.015790
0 0.203321 0.513237 0.006398 0.020747
0 0.400480 0.896595 0.010615 0.011677
0 0.663834 0.187993 0.007737 0.008293
0 0.599128 0.553493 0.010615 0.010593
0 0.310549 0.871847 0.007423 0.017640
0 0.571246 0.540668 0.007653 0.010010
0 0.125655 0.232020 0.011010 0.010740
0 0.422349 0.659823 0.014717 0.025800
0 0.508354 0.378202 0.009713 0.007870
0 0.177911 0.028873 0.013662 0.014467
0 0.880143 0.709918 0.018500 0.014497
0 0.212351 0.658778 0.011917 0.009177
0 0.700409 0.570110 0.007063 0.007647
0 0.518884 0.388957 0.006758 0.017280
0 0.338077 0.773767 0.006995 0.022900
0 0.832329 0.665657 0.011723 0.011773
0 0.597595 0.573772 0.006145 0.014177
0 0.572547 0.592085 0.007745 0.007650
0 0.409092 0.795232 0.009375 0.010737
0 0.186936 0.954867 0.011877 0.009007
0 0.401805 0.788020 0.011050 0.008933
0 0.340914 0.812002 0.006163 0.022263
0 0.343994 0.778322 0.006002 0.013830
0 0.459562 0.430097 0.008785 0.019200
0 0.464655 0.678830 0.009590 0.014307
0 0.188181 0.227227 0.013928 0.023187
0 0.337806 0.779238 0.005248 0.012090
0 0.122496 0.373787 0.010338 0.008140
0 0.562102 0.543668 0.006845 0.012963
0 0.570616 0.932647 0.008393 0.012547
0 0.267289 0.680597 0.007873 0.010707
0 0.112736 0.265470 0.014077 0.016747
0 0.331799 0.809292 0.006772 0.023250
0 0.691630 0.509858 0.008580 0.007423
0 0.504232 0.598208 0.006440 0.009970
0 0.121553 0.412165 0.009010 0.012343
0 0.577074 0.358795 0.013077 0.018150
0 0.532224 0.554062 0.009398 0.008090
0 0.429084 0.798648 0.010387 0.015403
0 0.086490 0.194650 0.018155 0.011973
0 0.323249 0.799828 0.007512 0.006743
0 0.192245 0.230393 0.006410 0.019507
0 0.398259 0.346892 0.011312 0.012343
0 0.447085 0.682993 0.004150 0.014200
0 0.566128 0.579960 0.006280 0.010333
0 0.515795 0.701443 0.008615 0.009567
0 0.695411 0.496412 0.005882 0.010437
0 0.700859 0.514968 0.007378 0.011257
0 0.547397 0.826020 0.009735 0.021253
0 0.373901 0.602698 0.016317 0.010743
0 0.451671 0.596545 0.007493 0.010250
0 0.031404 0.596117 0.009962 0.015767
0 0.558275 0.593043 0.007050 0.009073
0 0.574135 0.671505 0.013285 0.011977
0 0.279514 0.188193 0.010772 0.015440
3 0.466700 0.477177 0.006100 0.014153
3 0.433164 0.445678 0.006423 0.018623
3 0.638075 0.491208 0.004795 0.013537
3 0.464541 0.066158 0.005173 0.009677
3 0.203880 0.048852 0.010125 0.014343
2 0.357320 0.779752 0.006210 0.009430
0 0.062614 0.654025 0.012372 0.018850
2 0.842827 0.675127 0.007010 0.008660
0 0.640091 0.561185 0.008452 0.010457
