0 0.430125 0.803402 0.030469 0.045101
0 0.112019 0.902503 0.044100 0.055617
0 0.386216 0.105070 0.027225 0.035655
0 0.826788 0.776808 0.037937 0.037835
0 0.205059 0.177809 0.041147 0.044337
0 0.792703 0.274125 0.039609 0.040282
0 0.816747 0.064320 0.024569 0.056093
0 0.497338 0.719407 0.041172 0.029859
0 0.450984 0.241882 0.035453 0.048452
0 0.777544 0.378755 0.034569 0.072382
0 0.880691 0.414949 0.035541 0.077039
0 0.560222 0.771216 0.030709 0.034868
0 0.251600 0.850144 0.053219 0.064195
0 0.008293 0.235905 0.016586 0.033204
0 0.528941 0.843216 0.036522 0.032304
0 0.228562 0.426035 0.044875 0.033804
1 0.103263 0.612991 0.044959 0.024030
0 0.304328 0.250547 0.035438 0.044421
0 0.853325 0.245297 0.028413 0.031875
0 0.975872 0.152027 0.041275 0.035759
0 0.936344 0.885684 0.050313 0.027710
0 0.195937 0.379434 0.042734 0.044009
0 0.754966 0.719925 0.025541 0.043587
2 0.067075 0.394711 0.036163 0.026923
2 0.079216 0.270293 0.050759 0.031945
0 0.064119 0.714628 0.028703 0.042382
3 0.293272 0.568179 0.024703 0.030827
3 0.085575 0.518126 0.042072 0.019031
2 0.353934 0.564000 0.027459 0.037423
0 0.427278 0.107700 0.028666 0.029930
0 0.699141 0.991000 0.039422 0.017999
0 0.240016 0.688718 0.023000 0.043188
0 0.130253 0.026738 0.041803 0.053476
0 0.877412 0.032121 0.024891 0.059852
0 0.983105 0.445188 0.033789 0.062812
0 0.236659 0.831382 0.049728 0.023782
0 0.993637 0.073331 0.012725 0.047679
0 0.294184 0.485702 0.049150 0.039813
0 0.538506 0.333673 0.044437 0.044937
0 0.975566 0.463078 0.037634 0.087141
0 0.867569 0.030797 0.040156 0.061594
0 0.277563 0.781024 0.041359 0.034202
2 0.538497 0.333457 0.045522 0.042040
3 0.077391 0.446677 0.026094 0.043038
3 0.888625 0.990457 0.026141 0.019086
3 0.983007 0.987243 0.033986 0.025514
3 0.051122 0.468570 0.024197 0.017655
3 0.326519 0.699605 0.037319 0.034868
3 0.239872 0.620234 0.042369 0.032063
3 0.166031 0.552663 0.030328 0.033312
3 0.685459 0.932137 0.021031 0.036663
3 0.418353 0.587813 0.032266 0.036375
3 0.235000 0.560747 0.021922 0.032133
3 0.474312 0.626290 0.018406 0.018827
3 0.356378 0.717452 0.048475 0.034999
3 0.396303 0.875339 0.016203 0.020524
3 0.104200 0.396708 0.020416 0.024790
3 0.209503 0.511777 0.026900 0.024663
3 0.767144 0.984918 0.032303 0.030163
3 0.526228 0.664242 0.017719 0.020812
0 0.341497 0.144340 0.047775 0.035273
0 0.774616 0.463273 0.053875 0.039077
0 0.970472 0.302133 0.048916 0.056501
0 0.037328 0.700055 0.030844 0.059702
0 0.003656 0.607118 0.007313 0.034624
3 0.120625 0.570333 0.023703 0.015352
0 0.288859 0.577223 0.031531 0.055587
0 0.310653 0.454669 0.019491 0.039539
2 0.196106 0.380749 0.036522 0.040095