2 0.783981 0.497249 0.020241 0.016751
0 0.969016 0.657759 0.022125 0.020046
0 0.708169 0.402864 0.028213 0.021977
4 0.644047 0.558970 0.045594 0.021968
0 0.361463 0.824845 0.027453 0.040938
0 0.354525 0.911988 0.026391 0.032430
0 0.183850 0.981641 0.031219 0.028266
4 0.957097 0.639613 0.037850 0.025195
0 0.557888 0.579714 0.027022 0.029899
0 0.383319 0.800823 0.034453 0.034774
0 0.380019 0.904258 0.032150 0.035391
0 0.262375 0.779723 0.065875 0.077742
0 0.367281 0.619293 0.128719 0.100882
0 0.115488 0.667005 0.019803 0.054790
2 0.318316 0.981430 0.023494 0.028078
2 0.561166 0.394966 0.026859 0.017351
0 0.376541 0.938535 0.023891 0.024790
2 0.908269 0.533823 0.016837 0.014149
2 0.929522 0.544415 0.018547 0.010985
3 0.054287 0.267789 0.021922 0.040594
3 0.026063 0.014161 0.016078 0.028321
0 0.778653 0.653687 0.048181 0.026859
0 0.015859 0.613075 0.016781 0.034680
0 0.483641 0.613253 0.032641 0.028212
0 0.003277 0.120304 0.006553 0.021298
0 0.280675 0.575214 0.021288 0.029320
3 0.090528 0.140852 0.014494 0.018579
3 0.123200 0.139532 0.019728 0.021954
3 0.440875 0.141770 0.027141 0.030352
0 0.487284 0.373937 0.034225 0.020813
0 0.534678 0.470102 0.038281 0.055812
0 0.135159 0.649333 0.019697 0.034507
0 0.008270 0.635692 0.016539 0.027445
0 0.175172 0.612473 0.019516 0.034118
0 0.499922 0.283509 0.029656 0.032937
0 0.467472 0.442251 0.027287 0.034266
0 0.190272 0.488962 0.041094 0.026173
0 0.272275 0.497249 0.033172 0.024827
0 0.185144 0.467191 0.023916 0.023461
0 0.588778 0.536195 0.022072 0.017923
0 0.021513 0.111618 0.021119 0.040500
0 0.991355 0.760134 0.017289 0.027593
0 0.267484 0.544778 0.019203 0.033227
0 0.189209 0.587699 0.024203 0.017930
0 0.156569 0.474222 0.021391 0.030382
0 0.561344 0.394980 0.026813 0.017398
0 0.203356 0.040926 0.040866 0.042539
0 0.063200 0.498583 0.029369 0.018961
0 0.169150 0.559281 0.019625 0.024218
0 0.012660 0.844007 0.025320 0.022423
0 0.573159 0.363466 0.018381 0.024462
0 0.590184 0.406956 0.023056 0.026384
0 0.144609 0.589945 0.022031 0.021265
0 0.194172 0.773840 0.041516 0.028071
3 0.393984 0.351269 0.014984 0.031727
0 0.400284 0.515277 0.026412 0.024509