0 0.845041 0.104671 0.033938 0.030157
0 0.950222 0.233317 0.024413 0.026759
0 0.779972 0.400450 0.048412 0.033649
0 0.258984 0.062331 0.032750 0.029133
0 0.667872 0.054855 0.031334 0.026726
0 0.828153 0.103441 0.065228 0.029960
0 0.581612 0.009781 0.025275 0.019562
0 0.409509 0.121809 0.031531 0.034695
0 0.663450 0.121731 0.030600 0.026883
0 0.917109 0.006024 0.028281 0.012047
0 0.789781 0.160188 0.053109 0.028641
0 0.408528 0.623610 0.048038 0.028141
2 0.385366 0.476823 0.038172 0.030054
2 0.583522 0.846719 0.040391 0.028313
0 0.792781 0.263894 0.059953 0.030274
0 0.607294 0.931886 0.028556 0.039930
0 0.683981 0.089809 0.025803 0.029555
0 0.091275 0.514134 0.031516 0.034343
0 0.636062 0.098500 0.044656 0.023016
0 0.700406 0.791465 0.029266 0.052664
0 0.945481 0.274134 0.028509 0.042077
0 0.746500 0.010780 0.039344 0.020937
0 0.744041 0.124750 0.058203 0.038937
0 0.919994 0.522555 0.021656 0.033171
2 0.322544 0.338512 0.040322 0.026009
2 0.780559 0.535227 0.016384 0.017984
2 0.868063 0.199462 0.021969 0.031359
2 0.701425 0.679110 0.025694 0.025109
2 0.592809 0.455048 0.027366 0.032234
2 0.949678 0.232698 0.022234 0.025165
2 0.916953 0.005894 0.027734 0.011788
2 0.415784 0.455507 0.021728 0.021265
2 0.612216 0.264805 0.034959 0.024593
2 0.328816 0.012765 0.031350 0.025531
4 0.427988 0.958942 0.033366 0.032789
2 0.536416 0.077739 0.029484 0.023946