0 0.889128 0.571832 0.030541 0.069539
0 0.349972 0.897965 0.032350 0.045914
0 0.081966 0.641387 0.137366 0.062618
0 0.113497 0.213196 0.043338 0.025001
3 0.078291 0.277473 0.030375 0.038602
3 0.551409 0.679286 0.037650 0.014039
0 0.088672 0.844816 0.026547 0.062304
0 0.754213 0.962102 0.030359 0.054687
0 0.075500 0.225824 0.023031 0.034915
0 0.979612 0.794226 0.039491 0.030546
0 0.588212 0.460159 0.042484 0.045804
0 0.624259 0.359226 0.056281 0.035079
0 0.685309 0.509891 0.057850 0.040530
0 0.650338 0.834883 0.034141 0.039234
0 0.924262 0.994804 0.050916 0.010391
0 0.124328 0.454136 0.057813 0.031305
0 0.392116 0.456972 0.038312 0.041960
0 0.884384 0.715164 0.049641 0.035407
0 0.552419 0.953927 0.036744 0.035648
0 0.171350 0.985754 0.038781 0.028493
0 0.036809 0.520860 0.034381 0.047876
3 0.040919 0.487035 0.019416 0.023789
0 0.733509 0.634567 0.029891 0.038726
0 0.136344 0.085684 0.050313 0.027710
0 0.128859 0.608718 0.037594 0.024938
0 0.598534 0.062341 0.032916 0.032304
0 0.297500 0.589492 0.026828 0.036218
0 0.714791 0.750805 0.036016 0.026079
0 0.488091 0.766539 0.026213 0.039813
0 0.225981 0.013589 0.043556 0.027179
0 0.369081 0.902003 0.043416 0.046165
0 0.765231 0.465911 0.036241 0.057429
0 0.708722 0.416973 0.050616 0.037493
2 0.171581 0.280544 0.017381 0.021164
2 0.757269 0.777562 0.037947 0.023374
2 0.602097 0.610656 0.039803 0.033780
3 0.048044 0.232117 0.028228 0.030077
3 0.088625 0.193766 0.026141 0.025704
3 0.184441 0.195407 0.036853 0.041843
3 0.627131 0.926566 0.020609 0.016289
3 0.100297 0.392823 0.019469 0.017930
3 0.658266 0.970640 0.024719 0.028500
3 0.987640 0.720723 0.024720 0.025634
3 0.019491 0.232000 0.019938 0.031266
3 0.943984 0.807667 0.018766 0.020946
3 0.913578 0.654578 0.030000 0.027188
3 0.944497 0.866786 0.019037 0.021321
3 0.622719 0.780559 0.035906 0.030539
0 0.040456 0.982843 0.033744 0.034314
0 0.351672 0.771597 0.043328 0.045274
0 0.717100 0.916328 0.052406 0.038109
0 0.831825 0.337316 0.030006 0.045429
0 0.907609 0.390946 0.033437 0.065468
0 0.820825 0.025945 0.052728 0.031359
0 0.650666 0.275917 0.066453 0.041133
0 0.554969 0.805410 0.032141 0.032290
0 0.517528 0.382649 0.053712 0.040470
0 0.951744 0.935376 0.053047 0.022624
3 0.011719 0.403148 0.022656 0.040891