0 0.266813 0.649914 0.022719 0.054780
0 0.043559 0.567852 0.026147 0.054797
0 0.340738 0.721921 0.036103 0.040095
0 0.054106 0.474836 0.027900 0.035843
0 0.026337 0.114977 0.032891 0.041407
0 0.370931 0.646645 0.042016 0.043915
0 0.134300 0.822109 0.035900 0.041688
0 0.669669 0.069726 0.032556 0.050655
0 0.338178 0.519255 0.047734 0.073259
0 0.917950 0.319457 0.059056 0.026773
0 0.226859 0.808028 0.046484 0.029039
0 0.555922 0.019891 0.042656 0.026187
0 0.935459 0.940136 0.054031 0.029304
0 0.014989 0.213337 0.029978 0.034219
0 0.115184 0.553405 0.029478 0.039345
0 0.782862 0.226562 0.038650 0.062109
0 0.160681 0.050624 0.031266 0.044859
0 0.204400 0.694274 0.037703 0.043235
0 0.850225 0.395137 0.043719 0.053133
0 0.820922 0.149001 0.034672 0.040922
0 0.222516 0.744702 0.060031 0.067266
0 0.369153 0.611153 0.040228 0.042476
0 0.326466 0.699970 0.031959 0.062046
0 0.707216 0.630848 0.058006 0.042602
0 0.397356 0.169434 0.030897 0.038960
0 0.034016 0.143898 0.058375 0.022922
0 0.805750 0.608688 0.043563 0.027469
0 0.081247 0.218711 0.032087 0.023391
0 0.200159 0.651348 0.020975 0.034882
0 0.070422 0.642501 0.023891 0.057766
0 0.741303 0.112991 0.047859 0.029250
0 0.306481 0.629552 0.026681 0.041993
0 0.170003 0.616516 0.029022 0.027609
0 0.374491 0.495531 0.038547 0.026735
0 0.143559 0.536863 0.026913 0.033977
0 0.726044 0.128727 0.025834 0.017046
0 0.039781 0.336070 0.021969 0.051030
0 0.851044 0.984336 0.050084 0.031328
0 0.287691 0.600402 0.029431 0.030649
0 0.011148 0.835070 0.022295 0.067765
0 0.637125 0.179552 0.026984 0.023632
0 0.266247 0.369238 0.029897 0.032679
0 0.014225 0.285578 0.024500 0.035093
0 0.176922 0.383488 0.024078 0.037102
0 0.811125 0.821223 0.025031 0.030288
0 0.277856 0.329727 0.025353 0.028296
0 0.196125 0.607687 0.029250 0.046922
0 0.863387 0.718445 0.062350 0.038454
0 0.667466 0.559579 0.024681 0.027141
0 0.759672 0.167395 0.029234 0.018914
0 0.339141 0.521043 0.043797 0.025805
2 0.619512 0.305657 0.032350 0.027312
3 0.498500 0.650622 0.034031 0.035273
3 0.674106 0.748914 0.053228 0.030984
3 0.125481 0.725751 0.041209 0.043845
3 0.434075 0.346860 0.045119 0.018844
3 0.558544 0.735210 0.039916 0.024157
3 0.428719 0.500554 0.033906 0.027546
3 0.300441 0.808996 0.041712 0.019727
3 0.494544 0.701155 0.022009 0.030094
3 0.594594 0.408344 0.033234 0.027000
3 0.070481 0.642644 0.021228 0.057007
3 0.394950 0.609351 0.024337 0.022594
3 0.664256 0.808696 0.045156 0.024720
3 0.176513 0.385422 0.021166 0.031859
3 0.090375 0.615421 0.018516 0.014203
3 0.636109 0.733000 0.030188 0.040688
3 0.624316 0.135320 0.022572 0.040563
0 0.261319 0.762602 0.028766 0.025266
0 0.301259 0.290273 0.031281 0.029829
3 0.342737 0.246280 0.021303 0.023548
0 0.405531 0.714831 0.040297 0.040711
2 0.906656 0.502945 0.020313 0.024937
2 0.316906 0.135081 0.019906 0.035477
2 0.590813 0.687238 0.030031 0.027837
3 0.251400 0.194402 0.039984 0.025352
0 0.213600 0.496405 0.028063 0.024720
0 0.918750 0.903993 0.032969 0.044046
0 0.884122 0.959704 0.038478 0.027734
0 0.826303 0.934813 0.036359 0.046001
0 0.331084 0.495684 0.037516 0.025038
0 0.273828 0.728437 0.035469 0.047187
2 0.231859 0.102430 0.020297 0.021907
0 0.860516 0.817176 0.025984 0.028148
0 0.843091 0.854230 0.031244 0.024274
0 0.442941 0.434765 0.048741 0.040313
0 0.513347 0.423337 0.060178 0.034296
3 0.170281 0.772902 0.027375 0.024509
3 0.146253 0.758106 0.035322 0.028008
3 0.068425 0.725481 0.046475 0.026414
3 0.059194 0.820968 0.019094 0.023234
0 0.185919 0.500617 0.025119 0.029063
3 0.559491 0.483203 0.049125 0.026562
1 0.541997 0.562469 0.063491 0.042499