0 0.045041 0.104671 0.033938 0.030157
0 0.619094 0.262124 0.018797 0.023187
0 0.150222 0.233317 0.024413 0.026759
0 0.030384 0.103441 0.060767 0.029960
0 0.743156 0.250129 0.031141 0.020086
0 0.986012 0.297372 0.027977 0.054945
0 0.700891 0.474309 0.032766 0.033914
0 0.117109 0.006024 0.028281 0.012047
0 0.285813 0.399114 0.049547 0.037305
0 0.414019 0.384437 0.033916 0.058859
0 0.751947 0.320212 0.038953 0.033405
0 0.262231 0.321245 0.024181 0.056023
0 0.256062 0.580288 0.033578 0.055406
0 0.863312 0.272284 0.031172 0.024663
0 0.274312 0.319499 0.048891 0.060298
0 0.691466 0.253945 0.025788 0.022235
0 0.652334 0.188706 0.017000 0.039164
0 0.008168 0.160188 0.016336 0.028641
0 0.553500 0.876548 0.052844 0.035655
0 0.677109 0.179259 0.022344 0.043202
0 0.957547 0.097570 0.039313 0.032796
0 0.728137 0.232996 0.042759 0.024321
2 0.946528 0.158570 0.028725 0.024766
0 0.983591 0.007262 0.026506 0.014523
0 0.499506 0.260645 0.025813 0.033851
0 0.348503 0.249726 0.037869 0.026829
0 0.011379 0.263894 0.022758 0.030274
0 0.369069 0.316457 0.023172 0.034915
0 0.288203 0.267116 0.044250 0.026609
0 0.471328 0.508534 0.032547 0.075602
0 0.145481 0.274134 0.028509 0.042077
0 0.894800 0.225794 0.024459 0.042884
0 0.119994 0.522555 0.021656 0.033171
0 0.603575 0.205274 0.018463 0.028235
0 0.222684 0.121949 0.027178 0.021258
2 0.068063 0.199462 0.021969 0.031359
2 0.370184 0.594215 0.018600 0.024398
2 0.223334 0.120302 0.027937 0.023009
2 0.149678 0.232698 0.022234 0.025165
2 0.116953 0.005894 0.027734 0.011788
2 0.347687 0.610398 0.022797 0.022312
0 0.713309 0.269423 0.029397 0.022751
4 0.709838 0.647957 0.028766 0.029398
0 0.663737 0.735714 0.028131 0.026836
4 0.791216 0.090566 0.030853 0.017055