0 0.212594 0.926212 0.032781 0.046952
0 0.539675 0.753184 0.038881 0.036991
0 0.491956 0.685246 0.036416 0.046273
2 0.471413 0.984965 0.034547 0.029930
0 0.550403 0.782929 0.056275 0.029297
0 0.671375 0.503371 0.060453 0.118570
0 0.656094 0.962055 0.026562 0.043390
2 0.594356 0.552632 0.027416 0.025718
0 0.024019 0.793187 0.034975 0.024405
0 0.355612 0.980950 0.027163 0.031259
0 0.385487 0.980027 0.028087 0.029414
0 0.703525 0.805848 0.043703 0.022976
0 0.788769 0.850668 0.040509 0.028976
0 0.644278 0.664855 0.027975 0.029304
0 0.663241 0.573848 0.048797 0.039227
0 0.736456 0.466066 0.044944 0.020086
0 0.671681 0.741468 0.031875 0.020953
2 0.991066 0.800507 0.017866 0.023360
0 0.021413 0.929845 0.031078 0.038859
2 0.858778 0.118727 0.022912 0.034641
0 0.512131 0.834866 0.027234 0.051359
0 0.094241 0.968277 0.032781 0.055132
0 0.602016 0.855161 0.039672 0.067898
0 0.253016 0.915960 0.026969 0.064470
0 0.946609 0.918691 0.049219 0.037118
0 0.028309 0.234337 0.045678 0.022859
0 0.383216 0.671507 0.042522 0.026515
0 0.714272 0.549297 0.041344 0.020234
0 0.289988 0.885168 0.038462 0.019085
0 0.787759 0.910921 0.027859 0.023719
0 0.612609 0.886954 0.041156 0.024141
0 0.477478 0.813606 0.035922 0.024429
0 0.712778 0.868645 0.031744 0.040242
0 0.653494 0.466722 0.101828 0.077414
0 0.127106 0.901488 0.058178 0.040383
0 0.969684 0.306442 0.037072 0.028992
0 0.679422 0.823848 0.022953 0.023602
0 0.622409 0.583281 0.027819 0.019969
0 0.595591 0.695165 0.025256 0.044093
0 0.592641 0.495480 0.036422 0.028648
0 0.359706 0.804918 0.029228 0.035555
0 0.625756 0.927046 0.025781 0.020843
0 0.654284 0.818301 0.033384 0.013165
0 0.324819 0.273829 0.035984 0.036874