0 0.281606 0.194066 0.037522 0.036054
0 0.190188 0.297372 0.036328 0.054945
0 0.263594 0.042648 0.030328 0.032531
0 0.975269 0.737598 0.032056 0.048696
0 0.063312 0.272284 0.031172 0.024663
0 0.226419 0.921337 0.026256 0.031329
0 0.157547 0.097570 0.039313 0.032796
0 0.226122 0.871415 0.027103 0.043500
2 0.146528 0.158570 0.028725 0.024766
0 0.183591 0.007262 0.026506 0.014523
2 0.566325 0.008437 0.032506 0.016874
2 0.356013 0.739663 0.036291 0.032859
0 0.341972 0.144620 0.034072 0.029133
0 0.373622 0.093156 0.029647 0.040547
0 0.991960 0.290821 0.016080 0.046905
0 0.320281 0.125706 0.032563 0.042476
0 0.094800 0.225794 0.024459 0.042884
0 0.232513 0.206676 0.032303 0.033462
0 0.208762 0.889867 0.027119 0.035782
4 0.527228 0.481628 0.039203 0.032430
4 0.476231 0.227704 0.022522 0.027813
4 0.871209 0.870855 0.048313 0.030070
4 0.003321 0.090566 0.006642 0.017055