0 0.279153 0.330680 0.022366 0.024110
0 0.457684 0.375895 0.036025 0.042649
0 0.946756 0.305180 0.053813 0.112641
0 0.631184 0.112676 0.032619 0.031992
0 0.595875 0.041255 0.046250 0.061587
0 0.763816 0.085563 0.032869 0.047735
0 0.650897 0.079927 0.027344 0.051757
0 0.668950 0.247774 0.040491 0.063593
0 0.232578 0.263595 0.036375 0.058734
0 0.857075 0.103552 0.026088 0.052554
0 0.430106 0.010284 0.050491 0.020445
0 0.742347 0.116445 0.027553 0.046376
0 0.855666 0.182430 0.011000 0.036312
0 0.379784 0.475317 0.024631 0.034212
0 0.556072 0.208976 0.048859 0.050923
0 0.027331 0.017773 0.028369 0.035173
0 0.726909 0.190472 0.022006 0.026555
0 0.830984 0.125133 0.021234 0.044454