0 0.845041 0.648421 0.033938 0.030157
0 0.950222 0.777067 0.024413 0.026759
0 0.779972 0.944200 0.048412 0.033649
0 0.258984 0.606081 0.032750 0.029133
0 0.667872 0.598605 0.031334 0.026726
0 0.828153 0.647191 0.065228 0.029960
0 0.581612 0.549918 0.025275 0.026789
0 0.465738 0.008594 0.032069 0.017188
0 0.622497 0.473816 0.044603 0.034992
0 0.409509 0.665559 0.031531 0.034695
0 0.663450 0.665481 0.030600 0.026883
0 0.917109 0.539001 0.028281 0.033593
0 0.789781 0.703938 0.053109 0.028641
0 0.792781 0.807644 0.059953 0.030274
0 0.683981 0.633559 0.025803 0.029555
0 0.860744 0.312437 0.030281 0.033874
0 0.636062 0.642250 0.044656 0.023016
0 0.945481 0.817884 0.028509 0.042077
2 0.317056 0.448129 0.023172 0.025727
0 0.746500 0.554530 0.039344 0.020937
0 0.759819 0.484668 0.031563 0.032789
0 0.744041 0.668500 0.058203 0.038937
0 0.844872 0.520328 0.040166 0.045907
2 0.322544 0.882262 0.040322 0.026009
2 0.868063 0.743212 0.021969 0.031359
2 0.592809 0.991340 0.027366 0.017319
2 0.949678 0.776448 0.022234 0.025165
2 0.916953 0.539003 0.027734 0.033070
2 0.415784 0.994312 0.021728 0.011375
2 0.612216 0.808555 0.034959 0.024593
2 0.328816 0.553551 0.031350 0.031460
4 0.759766 0.183655 0.044156 0.019484
4 0.717525 0.236706 0.031922 0.026524
4 0.062634 0.193188 0.019750 0.021797
2 0.536416 0.621489 0.029484 0.023946