0 0.464284 0.068220 0.028900 0.034015
0 0.432175 0.916130 0.045025 0.067898
0 0.972172 0.359187 0.022656 0.036640
0 0.826219 0.745847 0.051422 0.039398
0 0.944634 0.366851 0.020594 0.030984
0 0.684422 0.342122 0.028531 0.035742
0 0.209316 0.856530 0.033713 0.013062
2 0.338044 0.942539 0.022853 0.034048
2 0.796481 0.814261 0.055069 0.052446
3 0.452153 0.732722 0.046166 0.043024
3 0.426534 0.619934 0.039509 0.016882
3 0.923025 0.904336 0.017703 0.035437
3 0.464859 0.918333 0.026625 0.018007
0 0.951516 0.393574 0.045844 0.022226
0 0.923438 0.415113 0.020469 0.038977
2 0.404928 0.069253 0.028156 0.032414
2 0.840481 0.576956 0.031491 0.034680
0 0.300347 0.155630 0.037556 0.044836
2 0.828381 0.185977 0.083016 0.094765
2 0.620259 0.424727 0.069422 0.085235
0 0.432822 0.023407 0.020281 0.031875
3 0.940325 0.990976 0.031900 0.018047
3 0.320534 0.729942 0.031913 0.045164
3 0.541609 0.647484 0.030250 0.037376
0 0.568944 0.655622 0.045531 0.033555
0 0.949200 0.905004 0.035897 0.053133
0 0.008866 0.554032 0.017733 0.048188
2 0.200228 0.786164 0.095922 0.128187
3 0.850578 0.851484 0.039813 0.028969
0 0.537472 0.160835 0.021303 0.028969
0 0.902428 0.247624 0.051703 0.044782
0 0.940628 0.291680 0.048787 0.048218
0 0.786525 0.192945 0.047109 0.028798
0 0.590622 0.128977 0.038600 0.055734
0 0.480566 0.098098 0.062756 0.042991
0 0.302247 0.445577 0.028631 0.037798
0 0.541575 0.091758 0.063928 0.046172
0 0.190200 0.350398 0.025916 0.055048
0 0.179081 0.433359 0.074475 0.052172
0 0.522544 0.913336 0.062256 0.028125
0 0.270441 0.303270 0.060397 0.057258
0 0.251481 0.299426 0.025616 0.052460
0 0.287497 0.542902 0.037881 0.057773
0 0.965237 0.799458 0.058788 0.051288
0 0.095372 0.450445 0.029631 0.035016
0 0.510694 0.242995 0.022547 0.045241
0 0.015578 0.225394 0.031156 0.054898
0 0.749184 0.174731 0.046463 0.042930
0 0.233419 0.033375 0.037334 0.063968
0 0.190369 0.421723 0.056359 0.037430
0 0.798575 0.487929 0.033084 0.047843
0 0.530531 0.788496 0.027062 0.039164
0 0.825684 0.313031 0.040150 0.049015
0 0.859756 0.955296 0.029672 0.031376
0 0.983696 0.314234 0.032608 0.065062
0 0.096463 0.789949 0.058875 0.072023
0 0.340944 0.643247 0.041141 0.032243
0 0.374122 0.316266 0.027869 0.025470
0 0.589503 0.791808 0.032506 0.043071
0 0.555184 0.894077 0.053775 0.025500
0 0.307653 0.667856 0.027025 0.028540