0 0.208306 0.814176 0.033063 0.049868
0 0.430125 0.012976 0.030469 0.025953
0 0.682075 0.353723 0.024475 0.034898
0 0.881966 0.641387 0.137366 0.062618
0 0.112516 0.933925 0.043953 0.026759
0 0.913497 0.213196 0.043338 0.025001
3 0.878291 0.277473 0.030375 0.038602
1 0.010390 0.801302 0.020780 0.041196
0 0.576450 0.711266 0.037334 0.054844
0 0.112019 0.102503 0.044100 0.055617
0 0.888672 0.844816 0.026547 0.062304
0 0.693281 0.984266 0.048359 0.031468
0 0.875500 0.225824 0.023031 0.034915
0 0.491300 0.512177 0.024728 0.040336
0 0.677000 0.286633 0.024031 0.036187
0 0.604234 0.467882 0.035922 0.023562
0 0.924328 0.454136 0.057813 0.031305
0 0.617116 0.940867 0.027828 0.045499
0 0.775456 0.846133 0.033022 0.044735
0 0.251600 0.050144 0.053219 0.064195
0 0.971350 0.985754 0.038781 0.028493
0 0.782753 0.916262 0.051772 0.039884
0 0.528941 0.043216 0.036522 0.032304
3 0.601613 0.337124 0.013881 0.022202
0 0.836809 0.520860 0.034381 0.047876
0 0.108000 0.222644 0.054438 0.030961
0 0.155816 0.212852 0.044756 0.033359
0 0.387819 0.668020 0.027219 0.046165
3 0.840919 0.487035 0.019416 0.023789
0 0.936344 0.085684 0.050313 0.027710
1 0.063156 0.918051 0.063594 0.035009
0 0.928859 0.608718 0.037594 0.024938
1 0.319934 0.766059 0.034053 0.047585
1 0.143406 0.878172 0.044781 0.056032
0 0.721278 0.656976 0.043866 0.031406
0 0.067603 0.808298 0.052406 0.062280
0 0.475047 0.677812 0.028688 0.026046
0 0.699141 0.200763 0.039422 0.037523
0 0.670456 0.413437 0.028334 0.019751
0 0.236659 0.031382 0.049728 0.023782
0 0.231697 0.978121 0.069656 0.043758
0 0.708441 0.774606 0.039116 0.036445
0 0.708313 0.525583 0.040781 0.038585
1 0.051834 0.430164 0.048031 0.054124
0 0.558913 0.984282 0.029406 0.031437
0 0.345347 0.963754 0.024509 0.027445
0 0.137222 0.442825 0.039541 0.024164
1 0.013320 0.882220 0.026641 0.060827
2 0.069034 0.715605 0.018056 0.020227
2 0.971581 0.280544 0.017381 0.021164
2 0.064575 0.837890 0.019588 0.028202
3 0.848044 0.232117 0.028228 0.030077
3 0.070631 0.511633 0.048141 0.035484
3 0.888625 0.193766 0.026141 0.025704
3 0.171781 0.731390 0.016703 0.024171
3 0.983007 0.195407 0.033986 0.041843
3 0.900297 0.392823 0.019469 0.017930
3 0.819491 0.232000 0.019938 0.031266
3 0.685459 0.132138 0.021031 0.036663
3 0.396303 0.075339 0.016203 0.020524
3 0.779513 0.248308 0.021447 0.033820
3 0.767144 0.194071 0.032303 0.048469
0 0.840456 0.982843 0.033744 0.034314
0 0.624266 0.310520 0.040219 0.021649
0 0.780059 0.357419 0.060178 0.030148
3 0.811719 0.403148 0.022656 0.040891
0 0.688194 0.590305 0.031781 0.035641
0 0.106859 0.244497 0.048000 0.023039