0 0.083978 0.410891 0.045328 0.030720
0 0.559763 0.833484 0.032572 0.026173
0 0.481528 0.940417 0.042181 0.033633
0 0.549063 0.694663 0.056484 0.030141
0 0.214028 0.853874 0.046491 0.039422
0 0.428719 0.603742 0.035422 0.041407
0 0.796128 0.636852 0.073259 0.026203
3 0.883156 0.030988 0.034813 0.017320
0 0.585291 0.879133 0.032125 0.037751
0 0.546359 0.898551 0.029953 0.028132
0 0.672228 0.609824 0.030422 0.029993
1 0.521747 0.992094 0.034287 0.015812
0 0.392394 0.682234 0.029291 0.028718
2 0.200766 0.015250 0.026594 0.030501
0 0.339734 0.686629 0.025812 0.030633
2 0.187647 0.563301 0.029172 0.031882
3 0.905044 0.011172 0.039288 0.022343
2 0.149747 0.548308 0.042225 0.026866
2 0.135472 0.585948 0.027413 0.029257
2 0.014997 0.989738 0.025072 0.020523
2 0.623622 0.479024 0.022569 0.026735
2 0.086497 0.456606 0.029603 0.027288
2 0.290984 0.576981 0.042703 0.024117
2 0.510147 0.720367 0.020859 0.024452
2 0.300606 0.385860 0.037272 0.039030
2 0.991871 0.065113 0.016258 0.027539
0 0.340178 0.490370 0.028844 0.028835
0 0.755641 0.925804 0.026750 0.038266
0 0.924894 0.164828 0.029447 0.038156
0 0.544625 0.746331 0.030047 0.033790
0 0.300469 0.385183 0.039016 0.041273
0 0.861119 0.896528 0.029328 0.027321
0 0.065919 0.369571 0.035634 0.032016
0 0.297891 0.908434 0.034031 0.048195
0 0.006431 0.790098 0.012859 0.033727
0 0.648816 0.641247 0.055287 0.032039
0 0.910037 0.600062 0.046250 0.029280
0 0.585044 0.601504 0.044569 0.030602
0 0.974013 0.416312 0.030147 0.031078
0 0.421741 0.990593 0.031000 0.018813
0 0.061200 0.082855 0.033728 0.035866
0 0.887200 0.707910 0.026244 0.030867