0 0.412950 0.476238 0.047600 0.024804
0 0.410459 0.396386 0.054031 0.029304
0 0.043316 0.504051 0.040881 0.022587
0 0.589297 0.456091 0.071516 0.031945
0 0.020825 0.591044 0.036056 0.035820
0 0.182216 0.087098 0.058006 0.042602
0 0.394641 0.632177 0.043109 0.060663
0 0.823687 0.078824 0.064469 0.033352
0 0.280750 0.064938 0.043563 0.027469
0 0.877584 0.323575 0.036500 0.035930
0 0.103016 0.856082 0.058734 0.027241
0 0.973250 0.259614 0.035313 0.039492
0 0.004712 0.877844 0.009423 0.055734
0 0.575794 0.055708 0.026850 0.033321
0 0.198281 0.962434 0.038906 0.049711
0 0.932031 0.315606 0.058859 0.076038
0 0.578034 0.014653 0.030022 0.029305
0 0.677216 0.030484 0.045072 0.036626
0 0.006781 0.659460 0.013563 0.052922
0 0.185188 0.511488 0.027812 0.029243
0 0.539419 0.433335 0.059959 0.050501
0 0.625497 0.708653 0.053647 0.041960
0 0.326044 0.443898 0.050084 0.037952
0 0.825403 0.366109 0.047991 0.032984
0 0.495472 0.131687 0.045259 0.033422
0 0.286125 0.277473 0.025031 0.030288
0 0.338387 0.174695 0.062350 0.038454
0 0.142466 0.015829 0.024681 0.027141
0 0.780672 0.297820 0.025812 0.037905
2 0.882563 0.141660 0.027859 0.027727
3 0.149106 0.205164 0.053228 0.030984
3 0.033544 0.191460 0.039916 0.024157
3 0.139256 0.264946 0.045156 0.024720
3 0.111109 0.189250 0.030188 0.040688
0 0.835453 0.321433 0.030281 0.030898
2 0.188828 0.902059 0.027797 0.033710
2 0.065813 0.143488 0.030031 0.027837
2 0.090203 0.674793 0.020375 0.033757
0 0.770269 0.791683 0.060259 0.027539
0 0.393750 0.360243 0.032969 0.044046
0 0.359122 0.415954 0.038478 0.027734
0 0.044719 0.781680 0.041156 0.021797
0 0.356278 0.521465 0.031369 0.042070
0 0.301303 0.391063 0.036359 0.046001
0 0.546997 0.498344 0.053522 0.044032
2 0.539378 0.702527 0.031866 0.027368
0 0.752559 0.869015 0.054103 0.032407
0 0.155809 0.577734 0.031491 0.034859
0 0.150737 0.534648 0.036787 0.041641
0 0.335516 0.273426 0.025984 0.028148
0 0.318091 0.310480 0.031244 0.024274
2 0.671794 0.066414 0.040053 0.022015
2 0.976903 0.835180 0.030912 0.034594
1 0.024371 0.019984 0.048742 0.039968