1 0.098100 0.754195 0.033875 0.033579
0 0.969016 0.114009 0.022125 0.020046
4 0.644047 0.015220 0.045594 0.021968
0 0.361463 0.281095 0.027453 0.040938
0 0.354525 0.368238 0.026391 0.032430
0 0.183850 0.437891 0.031219 0.028266
0 0.188925 0.557763 0.027103 0.030117
4 0.957097 0.095863 0.037850 0.025195
0 0.557888 0.035964 0.027022 0.029899
0 0.383319 0.257073 0.034453 0.034774
0 0.380019 0.360508 0.032150 0.035391
0 0.262375 0.235973 0.065875 0.077742
0 0.367281 0.075543 0.128719 0.100882
0 0.115488 0.123255 0.019803 0.054790
2 0.318316 0.437680 0.023494 0.028078
0 0.376541 0.394785 0.023891 0.024790
0 0.157272 0.774796 0.022797 0.029782
0 0.178922 0.768009 0.021500 0.029344
2 0.929522 0.003079 0.018547 0.006157
0 0.778653 0.109938 0.048181 0.026859
0 0.015859 0.069325 0.016781 0.034680
0 0.483641 0.069503 0.032641 0.028212
0 0.280675 0.031464 0.021288 0.029320
0 0.227928 0.637195 0.015609 0.013952
0 0.238409 0.623331 0.011306 0.016774
0 0.222594 0.624304 0.018719 0.013798
0 0.165647 0.726290 0.026234 0.034188
0 0.135159 0.105583 0.019697 0.034507
0 0.299825 0.589352 0.028928 0.049249
0 0.158591 0.684297 0.030303 0.037594
0 0.008270 0.091942 0.016539 0.027445
0 0.175172 0.068723 0.019516 0.034118
0 0.991355 0.216384 0.017289 0.027593
0 0.267484 0.008821 0.019203 0.017642
0 0.189209 0.043949 0.024203 0.017930
0 0.183175 0.842141 0.026228 0.029407
0 0.169150 0.015531 0.019625 0.024218
0 0.012660 0.300257 0.025320 0.022423
0 0.110616 0.592234 0.030422 0.049812
0 0.144609 0.046195 0.022031 0.021265
0 0.194172 0.230090 0.041516 0.028071