0 0.479800 0.008246 0.021853 0.016492
0 0.354613 0.152809 0.023381 0.034320
1 0.939391 0.925539 0.036344 0.048251
0 0.434478 0.124844 0.030422 0.041843
0 0.988456 0.335816 0.023088 0.023930
4 0.767994 0.276320 0.030234 0.016594
4 0.722722 0.213911 0.014588 0.026384
3 0.932272 0.680073 0.022891 0.031305
0 0.016379 0.093102 0.032758 0.026203
4 0.252300 0.432180 0.037209 0.023327
4 0.521591 0.605976 0.030884 0.030844
2 0.740997 0.729773 0.029803 0.032515
0 0.495394 0.941704 0.033275 0.035749
1 0.985281 0.566751 0.029437 0.029327
1 0.917872 0.267503 0.029150 0.027757
2 0.990449 0.431941 0.019102 0.031273
1 0.851634 0.199398 0.021609 0.028641
3 0.901300 0.735161 0.015100 0.024680
2 0.716637 0.645290 0.022866 0.038360
2 0.377225 0.480280 0.052891 0.040437
2 0.901844 0.241370 0.024984 0.029290
0 0.543434 0.333707 0.030303 0.036164
0 0.523253 0.085352 0.042947 0.032782
0 0.061119 0.352778 0.029328 0.027321
0 0.775297 0.105742 0.047875 0.024452
0 0.958325 0.330262 0.024819 0.027727
0 0.716619 0.645355 0.024328 0.038585
0 0.672319 0.170399 0.022297 0.034828
0 0.967169 0.296833 0.025509 0.022852
0 0.766603 0.006985 0.034125 0.013969
0 0.666303 0.019371 0.038516 0.038743
0 0.837472 0.039074 0.038416 0.024898
0 0.649356 0.072070 0.037603 0.031249
0 0.563688 0.211504 0.036203 0.034727
0 0.110038 0.056312 0.046250 0.029280
0 0.654594 0.118223 0.029469 0.058038
0 0.331191 0.013141 0.026697 0.026282
0 0.378228 0.045121 0.041219 0.023555
0 0.403116 0.126934 0.034484 0.037383
0 0.273303 0.355984 0.031906 0.031406
0 0.087200 0.164160 0.026244 0.030867