0 0.389259 0.525156 0.033984 0.023126
3 0.752712 0.410648 0.013641 0.036218
3 0.735844 0.495332 0.029078 0.016915
3 0.739247 0.514007 0.047603 0.022547
0 0.364428 0.551730 0.031922 0.029820
3 0.543075 0.498351 0.027916 0.022985
3 0.632916 0.300965 0.023781 0.023210
0 0.482841 0.554575 0.035525 0.034446
3 0.478819 0.244070 0.017344 0.032829
3 0.544412 0.261571 0.044469 0.021157
3 0.537000 0.193157 0.023969 0.024281
0 0.786759 0.119641 0.022516 0.023391
4 0.913050 0.176207 0.027713 0.021274
3 0.596984 0.090208 0.059156 0.018851
3 0.648366 0.213843 0.022906 0.019516
3 0.769194 0.412499 0.014484 0.044688
0 0.617978 0.488652 0.033813 0.033241
0 0.991465 0.088534 0.017070 0.025758
0 0.813522 0.326247 0.018750 0.036680
3 0.710409 0.269383 0.030334 0.028048
3 0.643000 0.192020 0.016703 0.021539
3 0.814900 0.360238 0.041859 0.020759
3 0.457531 0.348524 0.015484 0.013188
3 0.731956 0.397180 0.027041 0.036391
3 0.557737 0.449868 0.020616 0.025500
3 0.582003 0.144430 0.018712 0.034296
3 0.624006 0.161624 0.020406 0.020876
3 0.406806 0.306081 0.012297 0.015040
3 0.642153 0.108970 0.025459 0.014953
3 0.595284 0.039585 0.040009 0.021405
3 0.499647 0.073042 0.024531 0.019664
3 0.510403 0.146043 0.022100 0.036476
3 0.523191 0.427680 0.023431 0.023360
3 0.686312 0.499485 0.039516 0.024157
3 0.728022 0.128371 0.012453 0.015445
3 0.754153 0.037171 0.028366 0.015734
3 0.747194 0.080488 0.026297 0.014852
3 0.472234 0.409265 0.015000 0.021187
3 0.529394 0.109977 0.013584 0.014829
3 0.659050 0.030754 0.030994 0.019024
0 0.805597 0.296024 0.035009 0.024780
0 0.489062 0.504093 0.024984 0.027874
3 0.651159 0.447977 0.022803 0.031734
3 0.726650 0.473554 0.019703 0.031125
3 0.707084 0.329331 0.048391 0.062571
3 0.659631 0.377566 0.027422 0.030195
3 0.818331 0.457527 0.071178 0.058852
3 0.501331 0.402126 0.034803 0.031687
3 0.499775 0.478321 0.021797 0.015937
0 0.282181 0.536922 0.053109 0.019624