0 0.848566 0.445293 0.046350 0.040195
0 0.840891 0.497823 0.035375 0.025805
0 0.890769 0.493356 0.031384 0.039368
0 0.258125 0.538148 0.030938 0.056515
2 0.471016 0.628012 0.019531 0.026960
0 0.440887 0.768677 0.054116 0.040366
0 0.815541 0.525691 0.027172 0.071163
0 0.990309 0.145827 0.019383 0.039640
0 0.397303 0.033116 0.025703 0.044046
0 0.475641 0.004957 0.038984 0.009913
0 0.805247 0.455027 0.027119 0.056367
0 0.804641 0.875235 0.041500 0.037343
0 0.675394 0.480887 0.030209 0.064289
0 0.339947 0.378245 0.045125 0.030616
0 0.774809 0.139710 0.046209 0.030579
0 0.282544 0.253410 0.052447 0.037352
0 0.167484 0.414543 0.028484 0.041508
0 0.882600 0.330421 0.026250 0.058109
0 0.932578 0.513255 0.037875 0.044149
0 0.577503 0.499410 0.035787 0.048398
0 0.745278 0.008578 0.024725 0.017157
0 0.345481 0.089905 0.050275 0.028172
0 0.364719 0.300665 0.039250 0.046734
0 0.485603 0.091391 0.046984 0.036171
0 0.884091 0.027074 0.033022 0.025008
0 0.954128 0.431880 0.057837 0.028430
0 0.066006 0.394492 0.047922 0.034235
0 0.925122 0.634867 0.037103 0.072563
0 0.801894 0.123660 0.041525 0.043179
0 0.235484 0.499352 0.023344 0.046312
0 0.008726 0.609890 0.017452 0.026360
0 0.570075 0.659828 0.034788 0.033141
0 0.864606 0.273712 0.015694 0.029578
0 0.200828 0.282749 0.050531 0.031734
0 0.961503 0.309203 0.076994 0.088734
0 0.789009 0.074399 0.045781 0.034610
0 0.948109 0.341706 0.039719 0.033368
0 0.177050 0.607023 0.034072 0.061798
0 0.710444 0.068001 0.032875 0.016547
0 0.323753 0.006563 0.047162 0.013125
0 0.006903 0.504121 0.013806 0.035384
0 0.123753 0.620120 0.053213 0.034835
0 0.308197 0.071645 0.043656 0.031102
0 0.211419 0.012278 0.028475 0.024556
0 0.286622 0.393070 0.023413 0.033359
0 0.668841 0.100914 0.036431 0.044796
0 0.934144 0.031415 0.040506 0.033891
0 0.962625 0.297051 0.030859 0.063462
0 0.186759 0.408841 0.045734 0.066790
0 0.323822 0.646602 0.044281 0.047735
0 0.885116 0.528091 0.027531 0.031320
0 0.985684 0.313750 0.028633 0.052470
0 0.021200 0.468032 0.042400 0.032156
0 0.424991 0.816456 0.042203 0.035461
0 0.849462 0.176097 0.051828 0.035445
0 0.087028 0.516691 0.015338 0.028102
0 0.871422 0.003761 0.045250 0.007523
0 0.187094 0.430059 0.020672 0.024602
0 0.006484 0.335352 0.012967 0.027891
0 0.264997 0.465988 0.035541 0.043165
3 0.644891 0.262356 0.020656 0.021570
3 0.589394 0.235520 0.018803 0.023571
3 0.693416 0.040246 0.049734 0.020712
3 0.399594 0.197226 0.014016 0.017437