0 0.494422 0.773613 0.041422 0.041602
2 0.703434 0.147715 0.033494 0.044039
2 0.123422 0.414239 0.037813 0.034648
0 0.499122 0.867956 0.064850 0.027743
0 0.670306 0.257220 0.040062 0.057030
0 0.351678 0.648991 0.062938 0.034905
0 0.690184 0.573743 0.067806 0.029609
0 0.984114 0.195902 0.031772 0.070664
0 0.635906 0.414077 0.040344 0.054438
0 0.919722 0.600809 0.053553 0.040242
0 0.361053 0.683398 0.058297 0.033750
0 0.554266 0.660415 0.042125 0.024579
0 0.442016 0.542595 0.064406 0.035468
0 0.862725 0.064308 0.051422 0.050913
0 0.586384 0.128887 0.047063 0.034320
0 0.960203 0.345891 0.045891 0.052406
0 0.388612 0.584501 0.033228 0.044016
0 0.530763 0.595238 0.054994 0.056866
0 0.879047 0.239339 0.048547 0.061024
0 0.970809 0.724495 0.032478 0.043383
0 0.380209 0.063438 0.040984 0.047672
0 0.554937 0.515719 0.032297 0.029156
0 0.802512 0.904683 0.052881 0.036602
0 0.816947 0.325605 0.034438 0.043634
0 0.455213 0.773913 0.049453 0.041109
0 0.152097 0.082071 0.032072 0.042375
0 0.984484 0.647074 0.031033 0.051211
0 0.653878 0.655296 0.042506 0.046296
0 0.515234 0.447942 0.034875 0.023337
0 0.045406 0.992035 0.055766 0.015931
0 0.333766 0.790453 0.030188 0.030687
0 0.502872 0.472657 0.026072 0.025202
2 0.768734 0.089890 0.022344 0.026953