0 0.082581 0.639855 0.042681 0.038227
0 0.459694 0.591007 0.037359 0.038407
0 0.289019 0.616868 0.059900 0.032655
0 0.655162 0.824972 0.025641 0.043852
0 0.859453 0.851039 0.022500 0.026046
2 0.245984 0.282239 0.032719 0.021663
2 0.049750 0.163910 0.036047 0.035726
0 0.327528 0.726574 0.060944 0.032491
0 0.156472 0.395133 0.024181 0.019594
4 0.016180 0.109613 0.032359 0.038445
0 0.910941 0.366316 0.037978 0.029712
0 0.924869 0.462785 0.042750 0.025915
0 0.884344 0.465902 0.036469 0.020632
0 0.892956 0.565230 0.030756 0.036945
4 0.726444 0.655050 0.048766 0.026602
0 0.632719 0.805050 0.035031 0.019664
0 0.154466 0.423698 0.025134 0.044273
1 0.109362 0.996176 0.029303 0.007648
0 0.960809 0.652484 0.061147 0.084094
0 0.989091 0.995887 0.021819 0.008226
2 0.264747 0.306117 0.020978 0.027687
3 0.008965 0.742559 0.017930 0.040038
0 0.107381 0.418418 0.046016 0.031758
2 0.470688 0.105417 0.041266 0.036790
2 0.940356 0.962887 0.023603 0.030773
2 0.252122 0.319202 0.018775 0.017063
4 0.649800 0.431208 0.027416 0.038243
0 0.793984 0.885989 0.045344 0.028835
0 0.743359 0.976540 0.052844 0.024766
2 0.428050 0.744012 0.024775 0.029993
2 0.057031 0.798977 0.032703 0.028266
2 0.397269 0.507621 0.025647 0.032524
2 0.481544 0.853547 0.021791 0.022734
2 0.317753 0.659332 0.027806 0.029023
2 0.055756 0.711246 0.029156 0.029102
2 0.318569 0.415985 0.020016 0.028938
0 0.321844 0.656805 0.038641 0.030345
0 0.329341 0.446484 0.036303 0.039656
0 0.951109 0.874425 0.027250 0.028165
0 0.984828 0.839632 0.025062 0.027766
0 0.480872 0.852422 0.021166 0.020625
0 0.428363 0.744637 0.025572 0.029538
0 0.485216 0.677348 0.047178 0.031741
0 0.531469 0.679641 0.019641 0.029578
0 0.557372 0.580324 0.025119 0.031336
0 0.432647 0.696321 0.046609 0.025938
0 0.397003 0.507452 0.025834 0.032609
0 0.343766 0.444206 0.068875 0.036539
0 0.490603 0.610516 0.034516 0.028922
0 0.932047 0.880249 0.067172 0.033546
0 0.459309 0.617958 0.029572 0.021462
0 0.418156 0.618023 0.046344 0.025610
0 0.283716 0.545292 0.034600 0.049430
0 0.083244 0.898863 0.022391 0.040805
0 0.909716 0.801485 0.039103 0.019155
0 0.875641 0.944454 0.024750 0.024141
0 0.165312 0.368754 0.032094 0.030867
0 0.025141 0.431032 0.046953 0.028875
0 0.696184 0.799062 0.032912 0.024391
0 0.058741 0.586402 0.032516 0.030633
0 0.911809 0.485855 0.039459 0.023210
0 0.860916 0.820073 0.052688 0.023210
0 0.333594 0.835366 0.024344 0.040484
0 0.211872 0.919038 0.025447 0.045469
0 0.831694 0.965437 0.034062 0.032454
0 0.362406 0.409629 0.041031 0.028680
0 0.805222 0.465110 0.090475 0.068625
0 0.882300 0.913083 0.052584 0.021398
0 0.855453 0.546675 0.042313 0.023039
0 0.029110 0.557946 0.058220 0.095735
0 0.609203 0.678872 0.025656 0.045820
0 0.876641 0.345977 0.063563 0.039532
0 0.437772 0.674414 0.056578 0.045157
0 0.886122 0.387956 0.036087 0.028226
0 0.552659 0.681509 0.049881 0.031390
0 0.626625 0.917508 0.054516 0.050032
0 0.655937 0.773730 0.036469 0.018274
0 0.302928 0.702640 0.029797 0.042609