0 0.559269 0.620587 0.044787 0.042546
0 0.765425 0.446235 0.029850 0.037062
0 0.868678 0.432484 0.029109 0.029126
0 0.982387 0.184370 0.035225 0.030087
0 0.729769 0.612641 0.038431 0.037282
0 0.512941 0.347495 0.040256 0.040024
0 0.995395 0.216156 0.009211 0.040704
0 0.526703 0.436169 0.033547 0.028835
0 0.654675 0.579234 0.034428 0.029062
0 0.523222 0.478884 0.022244 0.021609
0 0.929172 0.567348 0.034359 0.037962
0 0.607678 0.451375 0.033312 0.039094
0 0.714925 0.260031 0.028259 0.029109
0 0.663481 0.331762 0.032369 0.024398
0 0.661631 0.362687 0.023141 0.039593
2 0.504003 0.799534 0.031584 0.040523
2 0.131797 0.506793 0.037375 0.033101
2 0.611072 0.723398 0.022922 0.031641
2 0.971387 0.756566 0.021444 0.040008
0 0.826106 0.594749 0.045600 0.028266
2 0.012188 0.809652 0.024377 0.034805
0 0.783391 0.748750 0.046813 0.028594
2 0.102656 0.828133 0.031031 0.032187
0 0.298050 0.317390 0.042806 0.030405
0 0.914403 0.673675 0.025884 0.053445
0 0.333047 0.470988 0.035078 0.053320
0 0.853894 0.149634 0.046228 0.026719
0 0.693625 0.005692 0.035375 0.011384
0 0.199016 0.116641 0.030469 0.039891
0 0.989789 0.083378 0.020422 0.036616
0 0.319275 0.764969 0.040672 0.054359
0 0.105078 0.112499 0.033891 0.037095
0 0.157778 0.224261 0.040900 0.054258
0 0.753716 0.908073 0.037306 0.055601
0 0.217578 0.328019 0.041594 0.023836
0 0.016336 0.710320 0.032672 0.050280
0 0.836544 0.780198 0.029241 0.046024
0 0.905488 0.160047 0.018163 0.048312
0 0.020230 0.319593 0.040461 0.035454
0 0.926200 0.059062 0.021350 0.037859
0 0.928763 0.166394 0.021041 0.034695
0 0.325834 0.382586 0.039891 0.041484
0 0.849938 0.730141 0.031859 0.056280
0 0.990226 0.012841 0.019548 0.023852
0 0.404919 0.318520 0.024587 0.040523
0 0.903916 0.121007 0.026141 0.023156
0 0.966416 0.008328 0.028734 0.016656
0 0.331434 0.696730 0.047288 0.051961
0 0.676847 0.102970 0.037134 0.025343
0 0.708259 0.767446 0.029781 0.052751
0 0.286128 0.010140 0.040900 0.020281
0 0.507009 0.196780 0.054047 0.033312
0 0.598053 0.141984 0.037391 0.028798
0 0.561603 0.067945 0.047469 0.028235
0 0.500841 0.529129 0.024181 0.028336
0 0.007324 0.503411 0.014648 0.032477
0 0.900925 0.050390 0.024009 0.035515
0 0.267166 0.632969 0.031203 0.033968
0 0.168806 0.717714 0.035531 0.039462
0 0.649906 0.196030 0.038844 0.025751
0 0.380906 0.290282 0.023516 0.025125