0 0.245959 0.660958 0.031484 0.024241
0 0.436797 0.181656 0.027000 0.040828
0 0.473031 0.273384 0.038547 0.059829
0 0.776781 0.696055 0.034062 0.050391
0 0.352394 0.035235 0.025803 0.030204
0 0.621941 0.763687 0.050381 0.026937
0 0.579197 0.434460 0.024469 0.036516
2 0.974862 0.527793 0.035803 0.042649
2 0.651222 0.596610 0.041947 0.023937
2 0.167231 0.383800 0.027194 0.042352
2 0.549216 0.211265 0.021884 0.019202
2 0.882250 0.652792 0.016172 0.018195
3 0.507494 0.349211 0.062219 0.032984
3 0.535669 0.106356 0.022322 0.021663
3 0.580681 0.055698 0.024047 0.017367
3 0.952019 0.153379 0.012509 0.012977
3 0.177434 0.027456 0.030853 0.039884
3 0.146534 0.027632 0.031850 0.055265
3 0.447003 0.255805 0.028334 0.030626
3 0.978012 0.655438 0.018275 0.029843
3 0.986547 0.072203 0.026906 0.030345
2 0.302000 0.782441 0.034078 0.043523
0 0.399047 0.904059 0.041453 0.024211
0 0.566644 0.899671 0.031275 0.031594
3 0.527762 0.489196 0.044494 0.039609
0 0.925119 0.174278 0.041578 0.042007
0 0.954453 0.037820 0.052688 0.025015
3 0.293684 0.300081 0.036944 0.045961
3 0.366013 0.287512 0.036103 0.073242
0 0.918331 0.081032 0.047759 0.027687
2 0.736166 0.120890 0.033578 0.026501
2 0.360981 0.367258 0.026959 0.030546
2 0.255478 0.627466 0.025797 0.031179
3 0.531394 0.425188 0.044553 0.081720
3 0.517694 0.164563 0.034297 0.049751
0 0.511106 0.942906 0.048022 0.038548
2 0.566534 0.355199 0.025084 0.037695
0 0.924950 0.205241 0.031447 0.026344
0 0.296625 0.081419 0.044750 0.036148
3 0.193153 0.353308 0.029147 0.022055
0 0.186234 0.312925 0.041484 0.036288
0 0.088713 0.765625 0.046797 0.036563
0 0.113453 0.517347 0.036969 0.032618
2 0.065272 0.529668 0.032937 0.026414
0 0.041141 0.638934 0.021625 0.037758
0 0.236844 0.921163 0.045094 0.049048
2 0.199444 0.725699 0.022625 0.025945
0 0.803919 0.891695 0.047681 0.034999
0 0.587975 0.188805 0.044547 0.056297
0 0.678550 0.535176 0.031569 0.036070
0 0.588744 0.300953 0.034859 0.059109
0 0.158591 0.690285 0.060366 0.092227
0 0.271466 0.678173 0.021506 0.045485
0 0.915488 0.113540 0.047241 0.051673
0 0.685706 0.434758 0.060712 0.034001
0 0.726769 0.192009 0.033713 0.039391
0 0.566922 0.533905 0.058969 0.032032
0 0.434522 0.512141 0.032859 0.044421
0 0.333762 0.077594 0.056994 0.022547
0 0.171441 0.027649 0.084631 0.055298
0 0.977602 0.931016 0.044795 0.036422
0 0.982941 0.741461 0.033775 0.030328
0 0.843741 0.018867 0.034359 0.037734
0 0.858128 0.700663 0.028603 0.034765
0 0.374222 0.587523 0.031116 0.057234
0 0.158794 0.602816 0.030756 0.025945
0 0.164363 0.721581 0.037319 0.020320
0 0.342669 0.143945 0.051228 0.020515
0 0.349519 0.164223 0.053150 0.024195
0 0.107125 0.561442 0.034812 0.041039
0 0.549391 0.248786 0.038719 0.031788
0 0.737406 0.892637 0.030516 0.028446