1 0.898100 0.754195 0.033875 0.033579
0 0.289544 0.732051 0.031822 0.034507
0 0.983850 0.437891 0.031219 0.028266
0 0.987687 0.557763 0.024627 0.030117
0 0.697075 0.372292 0.030584 0.032227
0 0.915488 0.123255 0.019803 0.054790
2 0.035216 0.251329 0.023791 0.024937
2 0.355625 0.181382 0.031656 0.045938
0 0.393366 0.583750 0.032516 0.024546
0 0.428388 0.559277 0.030806 0.030101
0 0.957272 0.774796 0.022797 0.029782
0 0.978922 0.768009 0.021500 0.029344
0 0.815859 0.069325 0.016781 0.034680
0 0.534862 0.455812 0.028006 0.051391
0 0.358359 0.097405 0.024219 0.028657
0 0.296316 0.551008 0.023697 0.019155
0 0.500047 0.196356 0.021266 0.038163
0 0.324456 0.564573 0.030259 0.026538
0 0.284684 0.771648 0.029209 0.038327
0 0.279009 0.454661 0.017750 0.029039
0 0.557488 0.539376 0.015647 0.026719
0 0.305372 0.574825 0.025366 0.024680
0 0.576097 0.526715 0.030475 0.025695
0 0.652631 0.031509 0.029891 0.034406
0 0.965647 0.726290 0.026234 0.034188
0 0.935159 0.105583 0.019697 0.034507
0 0.365047 0.311109 0.021469 0.044548
0 0.958591 0.684297 0.030303 0.037594
0 0.799800 0.091942 0.033478 0.027445
0 0.975172 0.068723 0.019516 0.034118
0 0.351850 0.262937 0.018844 0.036016
0 0.407284 0.538321 0.017600 0.036609
0 0.505266 0.085441 0.038000 0.042539
0 0.368438 0.246409 0.021406 0.050180
0 0.451500 0.757645 0.033172 0.027368
0 0.170466 0.699641 0.023197 0.041344
0 0.519841 0.202710 0.045991 0.060469
0 0.256491 0.469766 0.021859 0.053672
0 0.988554 0.043949 0.022892 0.017930
0 0.478413 0.520075 0.029297 0.025165
0 0.455641 0.503172 0.034531 0.020937
0 0.265356 0.559380 0.019259 0.052179
0 0.274981 0.480442 0.018756 0.032414
0 0.652047 0.247258 0.029969 0.033532
0 0.255644 0.482589 0.016400 0.028336
0 0.983175 0.842141 0.026228 0.029407
0 0.035278 0.251399 0.024603 0.025095
0 0.236872 0.553028 0.021162 0.054492
0 0.775725 0.058300 0.020125 0.023367
0 0.540888 0.528081 0.032459 0.036101
0 0.210153 0.530847 0.023475 0.015804
0 0.597141 0.257015 0.012969 0.033281
0 0.969150 0.015531 0.019625 0.024218
0 0.811859 0.300257 0.026922 0.022423
0 0.910616 0.592234 0.030422 0.049812
0 0.368441 0.068823 0.050991 0.025179
0 0.611472 0.054402 0.023416 0.024023
0 0.944609 0.046195 0.022031 0.021265
0 0.986707 0.230090 0.026586 0.028071
2 0.316625 0.483794 0.019406 0.022102