0 0.634200 0.256704 0.036678 0.032859
0 0.536309 0.504089 0.041931 0.069790
0 0.057391 0.533960 0.032922 0.046015
0 0.144669 0.869726 0.032556 0.050655
0 0.837184 0.446829 0.052084 0.024609
0 0.065156 0.407761 0.038531 0.033305
0 0.166706 0.709266 0.048569 0.031891
0 0.030922 0.819891 0.042656 0.026187
0 0.949569 0.556301 0.041453 0.052352
0 0.280750 0.082530 0.035391 0.048626
0 0.199941 0.016973 0.055506 0.033945
0 0.600091 0.705211 0.037853 0.048844
0 0.436575 0.195809 0.037881 0.052212
0 0.350891 0.142622 0.036922 0.063509
0 0.175831 0.021293 0.047866 0.040898
0 0.071006 0.288956 0.049609 0.028085
0 0.295922 0.949001 0.034672 0.040922
0 0.089937 0.052859 0.046250 0.057359
0 0.022840 0.710473 0.045680 0.028507
0 0.848775 0.600066 0.032953 0.047852
0 0.541194 0.311934 0.041844 0.060633
0 0.911437 0.330638 0.034078 0.052102
0 0.032559 0.040071 0.042412 0.072609
0 0.216303 0.912991 0.047859 0.029250
0 0.489581 0.631430 0.070775 0.039110
0 0.941584 0.986023 0.043937 0.027953
0 0.418344 0.581946 0.056734 0.043500
0 0.017219 0.129403 0.031609 0.056648
0 0.076925 0.208922 0.050991 0.042047
0 0.201044 0.928727 0.025834 0.017046
0 0.990881 0.427763 0.017391 0.020210
0 0.714762 0.429555 0.024631 0.029923
0 0.120809 0.026051 0.034947 0.051884
0 0.112125 0.979552 0.026984 0.023632
0 0.395059 0.013605 0.025334 0.027070
0 0.813550 0.456098 0.051259 0.038899
0 0.773209 0.478477 0.032703 0.021171
0 0.862559 0.430387 0.047197 0.020899
0 0.182641 0.246124 0.040594 0.034610
0 0.234672 0.967395 0.029234 0.018914
0 0.104409 0.065688 0.022319 0.025577
0 0.802781 0.497925 0.020594 0.027445
0 0.861212 0.481976 0.038813 0.036298
0 0.028703 0.329562 0.024406 0.030907
0 0.931047 0.931484 0.023859 0.032437
3 0.858584 0.497714 0.033828 0.022242
3 0.099316 0.935320 0.022572 0.040563
2 0.740716 0.777016 0.038678 0.025781
0 0.115944 0.179888 0.046891 0.031085
0 0.687225 0.572081 0.064141 0.041789
0 0.705219 0.372124 0.037828 0.034500
0 0.051744 0.152747 0.022500 0.050180
0 0.858312 0.848707 0.037266 0.050946
2 0.809988 0.295739 0.038881 0.033616
0 0.676559 0.774954 0.038291 0.046718
0 0.718109 0.669609 0.033938 0.022812
0 0.677828 0.535917 0.050906 0.040507
0 0.884200 0.381183 0.031384 0.034962
0 0.044522 0.260548 0.023609 0.019845
0 0.072553 0.122280 0.032187 0.038923
0 0.743231 0.654872 0.042537 0.026367
0 0.721859 0.632067 0.046156 0.033382