0 0.607581 0.639855 0.042681 0.038227
0 0.983007 0.591007 0.033986 0.038407
0 0.814019 0.616868 0.059900 0.032655
2 0.770984 0.282239 0.032719 0.021663
2 0.574750 0.163910 0.036047 0.035726
0 0.852528 0.726574 0.060944 0.032491
3 0.336316 0.925144 0.027631 0.016383
2 0.441097 0.673132 0.019119 0.031188
0 0.681472 0.395133 0.024181 0.019594
4 0.540906 0.109613 0.032906 0.038445
0 0.679466 0.423698 0.025134 0.044273
1 0.634362 0.996176 0.029303 0.007648
2 0.431809 0.932550 0.028850 0.032149
2 0.789747 0.306117 0.020978 0.027687
3 0.528887 0.742559 0.028084 0.040038
0 0.632381 0.418418 0.046016 0.031758
2 0.987527 0.105417 0.024945 0.036790
2 0.488334 0.948898 0.035672 0.032016
2 0.777122 0.319202 0.018775 0.017063
3 0.356338 0.943507 0.026203 0.017407
2 0.249856 0.739247 0.031353 0.034587
2 0.417619 0.653695 0.026984 0.021345
2 0.953050 0.744012 0.024775 0.029993
2 0.582031 0.798977 0.032703 0.028266
2 0.922269 0.507621 0.025647 0.032524
2 0.417250 0.673758 0.025187 0.022329
2 0.089516 0.964202 0.024188 0.023890
2 0.842753 0.659332 0.027806 0.029023
2 0.580756 0.711246 0.029156 0.029102
2 0.843569 0.415985 0.020016 0.028938
0 0.846844 0.656805 0.038641 0.030345
0 0.854341 0.446484 0.036303 0.039656
0 0.997645 0.852422 0.004711 0.020625
0 0.406013 0.422953 0.038506 0.046155
0 0.953363 0.744637 0.025572 0.029538
0 0.467866 0.483117 0.033297 0.031062
0 0.993313 0.677348 0.013373 0.031741
0 0.090216 0.965583 0.029616 0.027195
0 0.957647 0.696321 0.046609 0.025938
0 0.922003 0.507452 0.025834 0.032609
0 0.868766 0.444206 0.068875 0.036539
0 0.984309 0.617958 0.029572 0.021462
0 0.250109 0.738544 0.031797 0.036054
0 0.943156 0.618023 0.046344 0.025610
0 0.808716 0.545292 0.034600 0.049430
0 0.608244 0.898863 0.022391 0.040805
0 0.690312 0.368754 0.032094 0.030867
0 0.550141 0.431032 0.046953 0.028875
0 0.488203 0.268915 0.033859 0.051780
0 0.583741 0.586402 0.032516 0.030633
0 0.858594 0.835366 0.024344 0.040484
0 0.736872 0.919038 0.025447 0.045469
0 0.887406 0.409629 0.041031 0.028680
0 0.541341 0.557946 0.083759 0.095735
0 0.962772 0.674414 0.056578 0.045157
0 0.827928 0.702640 0.029797 0.042609
0 0.285403 0.680988 0.040572 0.045820