0 0.364128 0.031426 0.030541 0.062852
0 0.094703 0.495559 0.050500 0.047320
3 0.026409 0.135536 0.037650 0.014039
3 0.228972 0.538028 0.031713 0.020273
0 0.606519 0.775192 0.036241 0.058085
0 0.229213 0.418352 0.030359 0.054687
0 0.677066 0.073176 0.043084 0.038023
0 0.454612 0.250476 0.039491 0.030546
0 0.125338 0.291133 0.034141 0.039234
0 0.595978 0.412223 0.035844 0.039680
0 0.399263 0.464570 0.050916 0.037423
0 0.359384 0.171414 0.049641 0.035407
0 0.027419 0.410177 0.036744 0.035648
0 0.576356 0.212308 0.039413 0.042101
1 0.681309 0.250352 0.047069 0.027579
3 0.246537 0.766206 0.028750 0.034352
0 0.524438 0.660140 0.031641 0.044578
3 0.543475 0.655113 0.018672 0.047445
3 0.676650 0.776856 0.039516 0.025038
3 0.447375 0.702543 0.032344 0.025289
0 0.925656 0.512472 0.057500 0.027991
0 0.208509 0.090817 0.029891 0.038726
0 0.219428 0.476308 0.043594 0.039398
0 0.026628 0.638706 0.034787 0.046741
0 0.370016 0.509535 0.029312 0.031383
0 0.480347 0.780665 0.041803 0.035796
2 0.798012 0.249583 0.025947 0.025273
2 0.978609 0.241797 0.027437 0.024328
2 0.954919 0.292206 0.026244 0.023618
2 0.452681 0.949422 0.053313 0.060703
0 0.977100 0.807027 0.036734 0.045462
0 0.854097 0.485512 0.063272 0.041679
3 0.567469 0.648196 0.035875 0.047937
2 0.177122 0.710413 0.024291 0.035093
2 0.724756 0.200554 0.034344 0.034359
0 0.307856 0.706316 0.039166 0.042837
0 0.424825 0.874762 0.036538 0.045710
0 0.083513 0.827500 0.035978 0.040235
0 0.283831 0.753191 0.028131 0.022648
0 0.189791 0.207055 0.036016 0.026079
0 0.746622 0.767622 0.041600 0.057914
0 0.181644 0.812718 0.045119 0.052828
0 0.789234 0.318660 0.052109 0.018476
0 0.376962 0.825220 0.065406 0.053749
0 0.974606 0.978383 0.040475 0.043234
0 0.718500 0.868523 0.027594 0.030110
3 0.802531 0.585531 0.066172 0.038766
0 0.581981 0.451476 0.037541 0.048063
0 0.991587 0.374582 0.016703 0.050320
0 0.764853 0.953230 0.031703 0.064132
0 0.099209 0.528070 0.043922 0.024703
0 0.567084 0.918421 0.037938 0.064798
0 0.765347 0.375784 0.034037 0.042743
0 0.053044 0.709368 0.048491 0.033157
0 0.175216 0.544469 0.050041 0.040453
2 0.321734 0.856012 0.024250 0.027023
2 0.537234 0.150292 0.036187 0.031711
2 0.603500 0.183332 0.030953 0.028835
2 0.563281 0.019544 0.031953 0.033837
2 0.817716 0.183309 0.029553 0.031554
2 0.991609 0.374355 0.016578 0.049929
2 0.232269 0.233812 0.037947 0.023374
2 0.178975 0.548219 0.032250 0.031500
2 0.347666 0.873449 0.017625 0.040383
2 0.662056 0.002704 0.043578 0.005407
2 0.077097 0.066906 0.039803 0.033780
2 0.347047 0.606531 0.036344 0.027141
2 0.219425 0.475954 0.041538 0.036047
3 0.786841 0.647406 0.042100 0.019985
3 0.870703 0.738773 0.063109 0.041234
3 0.564588 0.258477 0.021891 0.026280
3 0.102131 0.382816 0.020609 0.016289
3 0.810825 0.393379 0.031506 0.015195
3 0.133266 0.426890 0.024719 0.028500
3 0.976825 0.644470 0.045631 0.026719
3 0.467925 0.176973 0.035291 0.025634
3 0.768581 0.858102 0.044569 0.020391
3 0.794119 0.809770 0.041734 0.018539
3 0.628109 0.294133 0.035922 0.026454
3 0.418984 0.263917 0.018766 0.020946
3 0.388578 0.110828 0.030000 0.027188
3 0.881672 0.797484 0.035031 0.015593
3 0.419497 0.323036 0.019037 0.021321
3 0.468106 0.633149 0.052400 0.022312
3 0.480078 0.664516 0.022172 0.024844
3 0.856072 0.616300 0.033516 0.024148
3 0.097719 0.236809 0.035906 0.030539
3 0.975559 0.768550 0.028491 0.036227
0 0.192100 0.372578 0.052406 0.038109
0 0.029969 0.261660 0.032141 0.032290
0 0.426744 0.391626 0.053047 0.022624
2 0.517909 0.306145 0.040991 0.029337