2 0.258981 0.497249 0.020241 0.016751
0 0.444016 0.657759 0.022125 0.020046
0 0.183169 0.402864 0.028213 0.021977
4 0.119047 0.558970 0.045594 0.021968
4 0.432097 0.639613 0.037850 0.025195
0 0.032888 0.579714 0.027022 0.029899
2 0.036166 0.394966 0.026859 0.017351
2 0.383269 0.533823 0.016837 0.014149
2 0.404522 0.544415 0.018547 0.010985
0 0.253653 0.653687 0.048181 0.026859
0 0.014409 0.470102 0.028819 0.055812
0 0.625447 0.863870 0.057813 0.033977
0 0.063778 0.536195 0.022072 0.017923
0 0.476028 0.760134 0.036634 0.027593
0 0.036344 0.394980 0.026813 0.017398
0 0.048159 0.363466 0.018381 0.024462
0 0.065184 0.406956 0.023056 0.026384
2 0.508834 0.782329 0.021906 0.020297