3 0.548684 0.333081 0.023775 0.025695
0 0.769775 0.829638 0.046109 0.027429
0 0.190287 0.306480 0.042844 0.028085
0 0.594109 0.307028 0.047891 0.034758
0 0.149722 0.876327 0.025697 0.034376
0 0.171784 0.883382 0.020022 0.045405
0 0.187556 0.868511 0.026953 0.043868
0 0.137559 0.814926 0.032069 0.024898
0 0.162428 0.813515 0.025922 0.030281
0 0.196403 0.818273 0.039506 0.026923
0 0.218959 0.834667 0.046172 0.020789
0 0.208062 0.850567 0.039766 0.018227
0 0.916063 0.913652 0.034313 0.032257
0 0.945341 0.936297 0.032478 0.027673
2 0.816300 0.901305 0.036491 0.028015
0 0.690234 0.656172 0.018156 0.032220
1 0.667353 0.872589 0.033312 0.031242
2 0.572203 0.845348 0.030984 0.033054
0 0.615831 0.936302 0.030834 0.024773
0 0.063466 0.603102 0.037381 0.047735
0 0.640144 0.638226 0.033475 0.023953
0 0.390578 0.449605 0.035406 0.033851
0 0.896859 0.878777 0.030406 0.017070
0 0.535947 0.687864 0.021812 0.041149
0 0.209156 0.673270 0.024609 0.022320
0 0.065781 0.688832 0.039734 0.033023
0 0.441719 0.535750 0.058094 0.026719
0 0.106272 0.259164 0.042875 0.033640
0 0.815506 0.948250 0.031250 0.037359
0 0.498356 0.084906 0.049806 0.036110
0 0.140722 0.673605 0.030397 0.024570
0 0.501516 0.178570 0.036500 0.035016
0 0.648366 0.921625 0.025219 0.027188
0 0.548303 0.332629 0.024125 0.027773
0 0.606738 0.906653 0.044944 0.020102
0 0.554266 0.490457 0.037750 0.040852
0 0.282191 0.731441 0.026353 0.024134
0 0.807572 0.675655 0.025641 0.042563
2 0.789169 0.022855 0.028150 0.032257
0 0.080997 0.037141 0.030178 0.054000
0 0.244353 0.531074 0.028125 0.044679
0 0.129444 0.457270 0.045625 0.039977
0 0.429869 0.720210 0.026281 0.039030
0 0.146075 0.122453 0.042881 0.034048
0 0.044725 0.144032 0.032156 0.045281
0 0.288209 0.599676 0.038031 0.038086
0 0.406434 0.762173 0.037587 0.040453
0 0.059003 0.472755 0.031400 0.044227
0 0.639187 0.173254 0.030516 0.048602
0 0.125306 0.539050 0.033094 0.032726