2 0.941572 0.255044 0.046578 0.022460
1 0.705284 0.509270 0.029994 0.039945
1 0.726341 0.447121 0.028103 0.043852
1 0.257009 0.605390 0.050422 0.033813
1 0.202566 0.021437 0.040850 0.028001
0 0.611247 0.280169 0.028103 0.027148
1 0.458206 0.139141 0.036475 0.035735
1 0.905328 0.508157 0.043391 0.025516
1 0.654497 0.388077 0.025775 0.047360
1 0.921144 0.209999 0.034416 0.041970
1 0.805269 0.554659 0.024134 0.034788
1 0.606837 0.487370 0.047891 0.041039
1 0.586019 0.415827 0.053834 0.020719
1 0.306750 0.541989 0.033813 0.042101
1 0.334325 0.641973 0.038619 0.039227
1 0.163375 0.736356 0.023328 0.037289
1 0.206434 0.732067 0.043084 0.033164
1 0.278353 0.765231 0.054250 0.027429
1 0.314391 0.732543 0.028734 0.034758
1 0.407991 0.722336 0.041172 0.040500
1 0.363503 0.783730 0.026178 0.044009
1 0.422825 0.800793 0.034475 0.032210
1 0.470503 0.819609 0.031603 0.032843
1 0.506219 0.822325 0.022031 0.040835
1 0.448816 0.870477 0.033525 0.051673
1 0.158894 0.683964 0.031837 0.041430
0 0.403459 0.008618 0.039859 0.017235
1 0.679563 0.481844 0.033219 0.030251