0 0.857050 0.252726 0.032241 0.026203
0 0.730941 0.349731 0.068494 0.036884
0 0.572544 0.226773 0.028725 0.032859
0 0.158850 0.512770 0.044703 0.031305
0 0.714363 0.224223 0.023337 0.031664
0 0.250144 0.930011 0.040834 0.028805
0 0.734425 0.017898 0.049806 0.023719
0 0.429172 0.848845 0.048797 0.029562
0 0.571381 0.190105 0.042797 0.019587
0 0.720844 0.347540 0.048391 0.034376
2 0.875172 0.015586 0.032875 0.031172
2 0.640956 0.003203 0.026369 0.006406
2 0.074253 0.417871 0.036072 0.030305
2 0.224384 0.015504 0.031109 0.031007
2 0.353137 0.108309 0.036072 0.037664
0 0.326878 0.993387 0.035803 0.013227
0 0.034934 0.975386 0.053072 0.028493
0 0.528328 0.670265 0.036125 0.038923
0 0.312528 0.487649 0.059994 0.030485
0 0.972322 0.029001 0.024828 0.040423
0 0.991891 0.660391 0.016219 0.039891
0 0.353403 0.014746 0.064837 0.029493
0 0.959725 0.302812 0.043562 0.032126
0 0.604078 0.647214 0.049625 0.062508
0 0.483628 0.350695 0.058522 0.026468
0 0.312544 0.695355 0.040834 0.035304
0 0.478169 0.285515 0.039584 0.031828
0 0.507159 0.213093 0.055975 0.032313
0 0.905078 0.656249 0.033891 0.037095
0 0.957778 0.768011 0.040900 0.054258
0 0.749169 0.755273 0.040022 0.056327
0 0.633372 0.557493 0.028978 0.030030
0 0.642044 0.328321 0.073494 0.049031
0 0.554469 0.137418 0.026953 0.037805
0 0.262188 0.280040 0.053594 0.044407
0 0.528569 0.170657 0.036656 0.030016
0 0.450034 0.157616 0.030866 0.038749
0 0.532669 0.428734 0.064666 0.037109
0 0.730456 0.336644 0.063569 0.065555
0 0.818300 0.863343 0.044322 0.035454
0 0.059194 0.274405 0.041500 0.045171
0 0.592428 0.792958 0.036531 0.044712
0 0.778175 0.070075 0.031541 0.032899
0 0.868878 0.395200 0.054506 0.066696
0 0.738009 0.046352 0.040734 0.020297
0 0.668528 0.420187 0.058787 0.034671
0 0.852609 0.288445 0.048094 0.028423
0 0.738872 0.081972 0.031603 0.039040
0 0.485516 0.639700 0.025422 0.035946
0 0.090481 0.568216 0.070866 0.030945
0 0.618122 0.235919 0.057509 0.024462
0 0.850541 0.162327 0.030797 0.041220
0 0.350575 0.585946 0.085494 0.039405
0 0.566272 0.165820 0.045281 0.021891
0 0.727334 0.946199 0.056938 0.029899
0 0.581603 0.358715 0.029172 0.026555
0 0.229188 0.133734 0.037641 0.031563
0 0.815078 0.491718 0.039125 0.032250
0 0.477359 0.695324 0.036625 0.035946
0 0.375747 0.574415 0.050928 0.044109
0 0.986992 0.519184 0.026016 0.057023
0 0.615956 0.339543 0.036100 0.036602
0 0.751378 0.563383 0.036194 0.033405
0 0.913206 0.459866 0.035069 0.031577
0 0.559172 0.953132 0.052172 0.032187
0 0.330937 0.366630 0.046469 0.031132
0 0.395263 0.460492 0.051791 0.033874
0 0.576922 0.582548 0.064734 0.037062