0 0.848566 0.984473 0.046350 0.031055
0 0.958422 0.474665 0.039844 0.034687
0 0.225972 0.143050 0.025553 0.031259
3 0.865753 0.073813 0.026213 0.027860
3 0.778188 0.105372 0.019391 0.019336
0 0.990309 0.689577 0.019383 0.039640
0 0.397303 0.576866 0.025703 0.044046
0 0.773753 0.487762 0.034006 0.039227
0 0.475641 0.539800 0.038984 0.027727
0 0.805247 0.985296 0.027119 0.029407
0 0.974753 0.015723 0.034119 0.031445
0 0.339947 0.921995 0.045125 0.030616
0 0.774809 0.683460 0.046209 0.030579
0 0.282544 0.797160 0.052447 0.037352
0 0.603153 0.312648 0.037569 0.048938
0 0.494950 0.084138 0.053291 0.034118
0 0.940856 0.141512 0.059416 0.065712
0 0.167484 0.958293 0.028484 0.041508
0 0.882600 0.874171 0.026250 0.058109
0 0.702381 0.186325 0.047359 0.029477
0 0.745278 0.539341 0.024725 0.043132
0 0.345481 0.633655 0.050275 0.028172
0 0.364719 0.844415 0.039250 0.046734
0 0.485603 0.635141 0.046984 0.036171
0 0.884091 0.570824 0.033022 0.025008
0 0.599175 0.159034 0.045291 0.024804
0 0.954128 0.975630 0.057837 0.028430
0 0.364297 0.155165 0.032813 0.030234
0 0.365937 0.104097 0.044188 0.029585
0 0.066006 0.938242 0.047922 0.034235
0 0.534159 0.199605 0.021259 0.039274
0 0.801894 0.667410 0.041525 0.043179
0 0.578681 0.247797 0.032531 0.034891
0 0.760988 0.320172 0.036119 0.027298
0 0.014477 0.104683 0.028953 0.036602
0 0.864606 0.817462 0.015694 0.029578
0 0.200828 0.826499 0.050531 0.031734
0 0.961503 0.852953 0.076994 0.088734
0 0.789009 0.618149 0.045781 0.034610
0 0.532734 0.416552 0.034641 0.029273
0 0.948109 0.885456 0.039719 0.033368
0 0.014254 0.344695 0.028508 0.037812
0 0.710444 0.611751 0.032875 0.016547
0 0.323753 0.540543 0.047162 0.032665
0 0.308197 0.615395 0.043656 0.031102
0 0.233053 0.448199 0.031906 0.022882
0 0.211419 0.551305 0.028475 0.034001
0 0.286622 0.936820 0.023413 0.033359
0 0.821841 0.178673 0.033413 0.045797
0 0.668841 0.644664 0.036431 0.044796
0 0.701950 0.010597 0.048791 0.021195
0 0.934144 0.575165 0.040506 0.033891
0 0.962625 0.840801 0.030859 0.063462
0 0.186759 0.952591 0.045734 0.066790
0 0.258659 0.083207 0.032256 0.039991
0 0.985684 0.857500 0.028633 0.052470
0 0.849462 0.719847 0.051828 0.035445
0 0.909403 0.409813 0.018725 0.050672
0 0.871422 0.536179 0.045250 0.030188
0 0.478013 0.341894 0.042291 0.025102
0 0.187094 0.973809 0.020672 0.024602
0 0.006484 0.879102 0.012967 0.027891
0 0.264997 0.994078 0.035541 0.011844
3 0.942988 0.090325 0.042053 0.028774
3 0.384578 0.404552 0.031234 0.015134
3 0.644891 0.806106 0.020656 0.021570
3 0.938544 0.234191 0.018475 0.021195
3 0.589394 0.779270 0.018803 0.023571
3 0.693416 0.583996 0.049734 0.020712
3 0.399594 0.740976 0.014016 0.017437
3 0.819597 0.465430 0.019741 0.016891
3 0.285281 0.479582 0.015703 0.020055