0 0.701444 0.195491 0.036641 0.044327
0 0.276072 0.231442 0.035078 0.031493
2 0.835216 0.251329 0.023791 0.024937
0 0.649297 0.305371 0.030672 0.042790
0 0.570775 0.930789 0.024219 0.030141
2 0.636975 0.921009 0.024641 0.033422
2 0.784300 0.846044 0.038584 0.022741
0 0.575609 0.099712 0.044937 0.027391
0 0.358497 0.457204 0.046600 0.031062
0 0.009078 0.859098 0.018047 0.042398
0 0.970466 0.699641 0.023197 0.041344
0 0.663597 0.200261 0.037241 0.021509
0 0.584175 0.894220 0.037116 0.021110
0 0.835278 0.251399 0.024603 0.025095
0 0.098138 0.053399 0.031131 0.036954
0 0.195669 0.189121 0.038662 0.044180