0 0.045041 0.648421 0.033938 0.030157
0 0.619094 0.805874 0.018797 0.023187
0 0.150222 0.777067 0.024413 0.026759
0 0.030384 0.647191 0.060767 0.029960
0 0.743156 0.793879 0.031141 0.020086
0 0.986720 0.360536 0.026561 0.021134
0 0.774153 0.494294 0.029912 0.035836
0 0.986012 0.841122 0.027977 0.054945
0 0.117109 0.539001 0.028281 0.033593
0 0.285813 0.942864 0.049547 0.037305
0 0.979656 0.321473 0.027594 0.020367
0 0.414019 0.928187 0.033916 0.058859
0 0.751947 0.863962 0.038953 0.033405
0 0.262231 0.864995 0.024181 0.056023
0 0.863312 0.816034 0.031172 0.024663
0 0.376366 0.475633 0.042766 0.028031
0 0.274312 0.863249 0.048891 0.060298
0 0.691466 0.797695 0.025788 0.022235
0 0.652334 0.732456 0.017000 0.039164
0 0.008168 0.703938 0.016336 0.028641
0 0.912984 0.114250 0.032828 0.032672
0 0.677109 0.723009 0.022344 0.043202
0 0.957547 0.641320 0.039313 0.032796
0 0.728137 0.776746 0.042759 0.024321
2 0.946528 0.702320 0.028725 0.024766
0 0.983591 0.544363 0.026506 0.027820
0 0.499506 0.804395 0.025813 0.033851
0 0.348503 0.793476 0.037869 0.026829
0 0.011379 0.807644 0.022758 0.030274
0 0.369069 0.860207 0.023172 0.034915
1 0.793028 0.272512 0.033600 0.025242
0 0.952175 0.418403 0.033197 0.035820
0 0.288203 0.810866 0.044250 0.026609
0 0.060744 0.312437 0.030281 0.033874
0 0.145481 0.817884 0.028509 0.042077
0 0.894800 0.769544 0.024459 0.042884
0 0.044872 0.520328 0.040166 0.045907
0 0.603575 0.749024 0.018463 0.028235
0 0.222684 0.665699 0.027178 0.021258
2 0.068063 0.743212 0.021969 0.031359
2 0.223334 0.664052 0.027937 0.023009
2 0.149678 0.776448 0.022234 0.025165
2 0.116953 0.539003 0.027734 0.033070
0 0.713309 0.813173 0.029397 0.022751
4 0.320613 0.179320 0.021834 0.042405
4 0.496247 0.100211 0.029431 0.020250
4 0.791216 0.634316 0.030853 0.017055