0 0.144669 0.069726 0.032556 0.050655
0 0.392950 0.319457 0.059056 0.026773
0 0.030922 0.019891 0.042656 0.026187
0 0.410459 0.940136 0.054031 0.029304
0 0.257862 0.226562 0.038650 0.062109
0 0.589297 0.991934 0.071516 0.016132
0 0.325225 0.395137 0.043719 0.053133
0 0.295922 0.149001 0.034672 0.040922
0 0.182216 0.630848 0.058006 0.042602
0 0.823687 0.622574 0.064469 0.033352
0 0.280750 0.608688 0.043563 0.027469
0 0.636581 0.462184 0.034256 0.027790
0 0.877584 0.867325 0.036500 0.035930
0 0.973250 0.803364 0.035313 0.039492
0 0.672284 0.427954 0.052869 0.027968
0 0.575794 0.599458 0.026850 0.033321
0 0.216303 0.112991 0.047859 0.029250
0 0.977566 0.377090 0.044866 0.057757
0 0.745562 0.469684 0.036703 0.028399
0 0.941584 0.192238 0.043937 0.040383
0 0.932031 0.859356 0.058859 0.076038
0 0.578034 0.557622 0.030022 0.030867
0 0.677216 0.574234 0.045072 0.036626
0 0.539419 0.975917 0.059959 0.048165
0 0.201044 0.128727 0.025834 0.017046
0 0.326044 0.984336 0.050084 0.031328
0 0.825403 0.909859 0.047991 0.032984
0 0.112125 0.179552 0.026984 0.023632
0 0.495472 0.675437 0.045259 0.033422
0 0.622594 0.400094 0.029688 0.026093
0 0.286125 0.821223 0.025031 0.030288
0 0.338387 0.718445 0.062350 0.038454
0 0.142466 0.559579 0.024681 0.027141
0 0.234672 0.167395 0.029234 0.018914
0 0.780672 0.841570 0.025812 0.037905
0 0.931047 0.131484 0.023859 0.032437
2 0.094512 0.305657 0.032350 0.027312
2 0.882563 0.685410 0.027859 0.027727
3 0.149106 0.748914 0.053228 0.030984
3 0.033544 0.735210 0.039916 0.024157
3 0.069594 0.408344 0.033234 0.027000
3 0.139256 0.808696 0.045156 0.024720
3 0.111109 0.733000 0.030188 0.040688
3 0.099316 0.135320 0.022572 0.040563
2 0.381656 0.502945 0.020313 0.024937
0 0.835453 0.865183 0.030281 0.030898
2 0.065813 0.687238 0.030031 0.027837
0 0.393750 0.903993 0.032969 0.044046
0 0.359122 0.959704 0.038478 0.027734
0 0.301303 0.934813 0.036359 0.046001
0 0.858312 0.048707 0.037266 0.050946
0 0.532391 0.505778 0.026938 0.036710
2 0.819675 0.275833 0.025631 0.028305
0 0.335516 0.817176 0.025984 0.028148
0 0.318091 0.854230 0.031244 0.024274
2 0.671794 0.610164 0.040053 0.022015
0 0.009218 0.423337 0.018436 0.034296
3 0.034491 0.483203 0.049125 0.026562
1 0.024371 0.562469 0.048742 0.042499