0 0.268222 0.630484 0.020994 0.018750
0 0.068678 0.976234 0.029109 0.029126
0 0.185369 0.728120 0.041188 0.030087
0 0.663406 0.217328 0.026063 0.028969
0 0.961797 0.725406 0.027000 0.040828
0 0.989379 0.817134 0.021242 0.059829
0 0.957175 0.116130 0.045025 0.067898
0 0.209609 0.759906 0.037641 0.040704
0 0.877394 0.578985 0.025803 0.030204
0 0.734316 0.056530 0.033713 0.013062
0 0.425922 0.760804 0.016750 0.025905
0 0.931259 0.422331 0.064875 0.031024
2 0.863044 0.142539 0.022853 0.034048
2 0.692231 0.927550 0.027194 0.042352
3 0.601822 0.407364 0.039391 0.041477
3 0.702434 0.571206 0.030853 0.039884
3 0.671534 0.571382 0.031850 0.055266
3 0.774609 0.475956 0.069750 0.037024
3 0.972003 0.799555 0.028334 0.030626
3 0.988273 0.118333 0.023453 0.018007
3 0.927756 0.421387 0.058641 0.029384
3 0.592663 0.388602 0.038172 0.021673
3 0.818684 0.843831 0.036944 0.045961
3 0.891013 0.831262 0.036103 0.073242
2 0.885981 0.911008 0.026959 0.030546
0 0.821625 0.625169 0.044750 0.036148
3 0.817253 0.317676 0.046463 0.046835
3 0.876328 0.337933 0.037172 0.031648
3 0.829913 0.260294 0.031266 0.024898
3 0.718153 0.897058 0.029147 0.022055
0 0.711234 0.856675 0.041484 0.036288
0 0.437516 0.366355 0.033531 0.020337
2 0.725228 0.025129 0.095922 0.050257
0 0.318188 0.414630 0.027359 0.039274
0 0.120497 0.116624 0.033306 0.055390
0 0.282387 0.884587 0.030272 0.051391
0 0.053894 0.693384 0.046228 0.026719
0 0.155138 0.036367 0.038537 0.033469
0 0.255081 0.022567 0.045913 0.035086
0 0.191034 0.627128 0.022912 0.036616
0 0.311822 0.299249 0.042219 0.024016
0 0.327897 0.952188 0.031406 0.042766
0 0.395766 0.958591 0.031484 0.068227
0 0.774600 0.474208 0.069297 0.034477
0 0.202909 0.241555 0.037587 0.041374
0 0.200387 0.012047 0.036631 0.024094
0 0.078356 0.004793 0.040928 0.009586
0 0.964350 0.528489 0.042578 0.048523
0 0.404844 0.816145 0.018828 0.034617
0 0.483425 0.895063 0.033697 0.048063
0 0.456147 0.467048 0.029016 0.038344
0 0.258625 0.106230 0.034078 0.046336
0 0.223584 0.745180 0.024922 0.048797
0 0.105488 0.703797 0.018163 0.048312
0 0.126200 0.602812 0.021350 0.037859
0 0.128763 0.710144 0.021041 0.034695
0 0.990855 0.418511 0.018289 0.058634
0 0.347722 0.716741 0.033181 0.026266
0 0.346737 0.662962 0.034556 0.035609
0 0.459016 0.259520 0.026266 0.040413
0 0.858762 0.621344 0.056994 0.022547
0 0.159753 0.349206 0.031928 0.034165
0 0.193491 0.556591 0.026078 0.023852
0 0.696441 0.561313 0.084631 0.075469
0 0.103916 0.664757 0.026141 0.023156
0 0.166416 0.548793 0.028734 0.023227
0 0.235681 0.554172 0.027953 0.023421
0 0.252459 0.651653 0.022578 0.035712
0 0.557678 0.290903 0.028828 0.032102
0 0.908522 0.457884 0.057844 0.022624
0 0.681162 0.478370 0.040109 0.043038
0 0.328141 0.483613 0.027875 0.026883
0 0.347269 0.543477 0.026412 0.027359
0 0.491153 0.640586 0.028666 0.024422
0 0.897031 0.519250 0.038203 0.070765
0 0.621463 0.012980 0.058875 0.025961
0 0.867669 0.687695 0.051228 0.020515
0 0.874519 0.707973 0.053150 0.024195
0 0.986102 0.338566 0.027797 0.030570
0 0.100925 0.594140 0.024009 0.035515
0 0.428581 0.728788 0.019697 0.024218
0 0.506019 0.142188 0.019772 0.022249