0 0.767250 0.825274 0.040703 0.031329
0 0.912019 0.902503 0.044100 0.055617
0 0.281481 0.628387 0.053616 0.030241
0 0.550172 0.269848 0.051125 0.064788
0 0.992243 0.177809 0.015514 0.044337
0 0.192700 0.743461 0.055900 0.029812
0 0.396328 0.044707 0.031469 0.033492
0 0.614419 0.732347 0.043319 0.058882
0 0.160378 0.966996 0.042288 0.022882
0 0.033469 0.169859 0.048672 0.026595
0 0.233372 0.247437 0.054772 0.035970
0 0.631094 0.325671 0.042469 0.036860
0 0.788797 0.235905 0.055578 0.033204
1 0.903263 0.612991 0.044959 0.024030
0 0.766413 0.119677 0.039922 0.046523
1 0.263962 0.576581 0.018484 0.018462
0 0.086653 0.625629 0.042928 0.027804
0 0.324100 0.560344 0.053266 0.034500
0 0.645378 0.643927 0.051881 0.030211
0 0.150950 0.484598 0.031838 0.039087
0 0.245453 0.492387 0.025656 0.032430
1 0.397163 0.993899 0.050422 0.012202
0 0.987285 0.379434 0.025430 0.044009
0 0.428088 0.036991 0.029141 0.051797
0 0.136828 0.182761 0.040344 0.039773
0 0.710731 0.430880 0.041506 0.039961
2 0.765719 0.364132 0.036219 0.034359
2 0.867075 0.394711 0.036163 0.026923
2 0.879216 0.270293 0.050759 0.031945
0 0.057813 0.639012 0.044375 0.024117
0 0.864119 0.714628 0.028703 0.042382
3 0.271375 0.467988 0.021344 0.018945
3 0.885575 0.518126 0.042072 0.019031
0 0.016391 0.224426 0.030016 0.027087
0 0.066756 0.486157 0.029203 0.043610
0 0.930253 0.026738 0.041803 0.053476
0 0.075263 0.054309 0.049619 0.035665
0 0.612700 0.060731 0.035788 0.056163
3 0.403734 0.560156 0.033437 0.025530
2 0.072284 0.410805 0.028103 0.035688
0 0.010781 0.697085 0.021562 0.069532
0 0.682947 0.189241 0.040922 0.060673
3 0.877391 0.446677 0.026094 0.043038
3 0.851122 0.468570 0.024197 0.017655
3 0.142766 0.527473 0.035078 0.030087
3 0.191003 0.530409 0.024791 0.038367
3 0.358834 0.525879 0.028828 0.031634
3 0.966031 0.552663 0.030328 0.033312
3 0.607563 0.800484 0.049750 0.048265
3 0.748469 0.730387 0.020469 0.030368
3 0.194294 0.402258 0.023478 0.029782
3 0.904200 0.396708 0.020416 0.024790
3 0.159766 0.684605 0.024609 0.018352
3 0.635475 0.881501 0.043781 0.041562
0 0.048175 0.588851 0.032413 0.037437
0 0.783512 0.770913 0.052975 0.029766
0 0.771403 0.928934 0.048662 0.036586
0 0.837328 0.700055 0.030844 0.059702
0 0.792984 0.607118 0.028656 0.034624
3 0.203387 0.470280 0.030741 0.036391
3 0.920625 0.570333 0.023703 0.015352
2 0.988923 0.380749 0.022155 0.040095
4 0.494909 0.957509 0.038100 0.027797
4 0.568700 0.987297 0.093650 0.025407