0 0.252697 0.489372 0.027219 0.042211
0 0.028304 0.442980 0.056608 0.036851
0 0.626422 0.377120 0.028734 0.045991
0 0.617694 0.822484 0.046047 0.059970
0 0.553925 0.258548 0.026991 0.041016
0 0.559034 0.218090 0.059475 0.029618
0 0.102869 0.250035 0.050703 0.025852
0 0.912031 0.149470 0.046625 0.044578
0 0.620453 0.416622 0.030453 0.033804
0 0.545219 0.841790 0.048484 0.024141
0 0.257234 0.096208 0.065031 0.044805
0 0.096606 0.351749 0.052116 0.037031
0 0.457987 0.315566 0.068084 0.053712
0 0.759384 0.486789 0.060656 0.035173
0 0.755572 0.386050 0.038875 0.047009
0 0.754097 0.881305 0.048116 0.032688
0 0.358278 0.362132 0.065572 0.047501
0 0.455081 0.211691 0.055350 0.038960
0 0.167875 0.950847 0.027766 0.044477
0 0.044350 0.402044 0.054250 0.025289
0 0.988141 0.144032 0.023719 0.041531
0 0.215766 0.183531 0.062328 0.035735
0 0.408688 0.578493 0.068219 0.031530
0 0.786503 0.977277 0.069569 0.036462
0 0.921794 0.224148 0.039900 0.032641
0 0.612231 0.299284 0.052931 0.027305
0 0.356375 0.305816 0.034062 0.035163
0 0.305922 0.823098 0.036766 0.032133
0 0.134253 0.428812 0.037541 0.025734
0 0.216097 0.311195 0.057353 0.028547
0 0.620844 0.769241 0.044250 0.035595
0 0.384147 0.036302 0.036031 0.027241
0 0.614756 0.901757 0.042031 0.031704
0 0.724384 0.338739 0.056219 0.039462
0 0.081356 0.759817 0.060694 0.046711
0 0.755516 0.975255 0.040719 0.033227
0 0.692541 0.672227 0.049422 0.025952
0 0.497688 0.448117 0.034375 0.031359
0 0.840234 0.812863 0.047219 0.036117
0 0.972950 0.617863 0.037181 0.024305
0 0.310356 0.038277 0.029116 0.031741
0 0.159519 0.877345 0.048478 0.036438
0 0.707978 0.359528 0.025719 0.019320
0 0.295891 0.237513 0.055031 0.025024
0 0.225197 0.419395 0.048953 0.031648
0 0.871856 0.642009 0.043291 0.033298
0 0.212553 0.029922 0.053609 0.039499
0 0.950394 0.048273 0.041834 0.034031
3 0.514566 0.126116 0.036681 0.051499
3 0.492834 0.071671 0.040313 0.027030
3 0.639759 0.077495 0.018016 0.014695
2 0.047559 0.627618 0.051509 0.028952
0 0.713003 0.011898 0.041834 0.023796
2 0.073166 0.065312 0.028922 0.029093
0 0.661409 0.705102 0.020009 0.044421
0 0.623084 0.606285 0.058500 0.033509
0 0.802816 0.285070 0.031944 0.057626
2 0.747669 0.059704 0.045103 0.035484
0 0.093550 0.891227 0.051397 0.025109
3 0.434109 0.149786 0.061625 0.036429
0 0.390131 0.963665 0.068109 0.040875
0 0.407891 0.863938 0.042328 0.040859
0 0.121831 0.873667 0.045244 0.039898
0 0.755422 0.716905 0.033797 0.031155
0 0.778787 0.723210 0.027859 0.042281
0 0.748375 0.757148 0.031562 0.035234
0 0.659050 0.420156 0.037744 0.040001
3 0.345953 0.003008 0.083078 0.006016
3 0.445219 0.082335 0.027234 0.015766