2 0.580313 0.094774 0.026437 0.033094
0 0.015778 0.252598 0.031556 0.044805
2 0.799906 0.166085 0.028562 0.029859
0 0.568759 0.320484 0.037984 0.054874
0 0.044572 0.444844 0.024297 0.062344
2 0.756325 0.595870 0.042491 0.031695
0 0.190378 0.428573 0.025337 0.041836
3 0.726981 0.170984 0.039069 0.044562
0 0.561266 0.275386 0.039812 0.039040
0 0.183094 0.458735 0.021156 0.033405
0 0.068216 0.453656 0.027991 0.054405
0 0.010763 0.394277 0.021525 0.069757
0 0.558019 0.227878 0.049259 0.033820
0 0.744450 0.417762 0.061337 0.042134
0 0.660044 0.156452 0.039369 0.061798
0 0.953044 0.244542 0.050381 0.043289
0 0.236034 0.858511 0.057116 0.044304
0 0.576903 0.516684 0.057916 0.034587
0 0.161547 0.119391 0.059234 0.031530
0 0.263209 0.307957 0.033375 0.051054
0 0.515016 0.813293 0.045672 0.058493
0 0.111972 0.322723 0.033272 0.069914
0 0.875703 0.370875 0.060953 0.040734
0 0.623878 0.941039 0.052194 0.032016
0 0.396969 0.178641 0.051031 0.050641
0 0.447344 0.978919 0.046875 0.032351
0 0.067719 0.231450 0.058078 0.050679
0 0.433747 0.254747 0.031881 0.040507
0 0.852544 0.079753 0.058897 0.036164
0 0.095703 0.019598 0.045063 0.039195
0 0.824272 0.014164 0.054859 0.028328
0 0.945750 0.020923 0.035531 0.041843
0 0.474794 0.336253 0.037150 0.031212
0 0.153588 0.473562 0.024844 0.030907
0 0.659056 0.013414 0.031672 0.026828
0 0.580828 0.951293 0.038641 0.043289
3 0.668159 0.054832 0.028459 0.033555