0 0.551562 0.191179 0.052922 0.031798
0 0.364128 0.571832 0.030541 0.069539
3 0.026409 0.679286 0.037650 0.014039
0 0.649778 0.375156 0.041400 0.053391
0 0.229213 0.962102 0.030359 0.054687
0 0.757956 0.152289 0.046178 0.029749
0 0.677066 0.616926 0.043084 0.038023
0 0.941659 0.239155 0.032181 0.072874
0 0.864562 0.424035 0.051813 0.037195
0 0.454612 0.794226 0.039491 0.030546
0 0.063212 0.460159 0.042484 0.045804
0 0.099259 0.359226 0.056281 0.035079
0 0.160309 0.509891 0.057850 0.040530
0 0.125338 0.834883 0.034141 0.039234
0 0.595978 0.955973 0.035844 0.039680
0 0.399263 0.994804 0.050916 0.010391
0 0.577931 0.306468 0.055469 0.057187
0 0.359384 0.715164 0.049641 0.035407
0 0.027419 0.953927 0.036744 0.035648
0 0.938156 0.026577 0.057359 0.032515
0 0.576356 0.756058 0.039413 0.042101
1 0.681309 0.794102 0.047069 0.027579
0 0.208509 0.634567 0.029891 0.038726
2 0.798012 0.793333 0.025947 0.025273
2 0.978609 0.785547 0.027437 0.024328
2 0.954919 0.835956 0.026244 0.023618
0 0.073534 0.062341 0.032916 0.032304
2 0.724756 0.744304 0.034344 0.034359
0 0.189791 0.750805 0.036016 0.026079
0 0.789234 0.862410 0.052109 0.018476
0 0.581981 0.985597 0.037541 0.028806
0 0.991587 0.918332 0.016703 0.050320
0 0.240231 0.465911 0.036241 0.057429
0 0.821978 0.226293 0.051813 0.027977
0 0.183722 0.416973 0.050616 0.037493
0 0.765347 0.919534 0.034037 0.042743
0 0.927144 0.482777 0.030288 0.058132
2 0.537234 0.694042 0.036187 0.031711
2 0.603500 0.727082 0.030953 0.028835
2 0.563281 0.563294 0.031953 0.033837
2 0.817716 0.727059 0.029553 0.031554
2 0.991609 0.918105 0.016578 0.049929
2 0.232269 0.777562 0.037947 0.023374
2 0.662056 0.537946 0.043578 0.022423
2 0.077097 0.610656 0.039803 0.033780
3 0.564588 0.802227 0.021891 0.026280
3 0.102131 0.926566 0.020609 0.016289
3 0.810825 0.937129 0.031506 0.015195
3 0.133266 0.970640 0.024719 0.028500
3 0.467925 0.720723 0.035291 0.025634
3 0.628109 0.837883 0.035922 0.026454
3 0.418984 0.807667 0.018766 0.020946
3 0.388578 0.654578 0.030000 0.027188
3 0.419497 0.866786 0.019037 0.021321
3 0.913528 0.312782 0.040962 0.023484
3 0.097719 0.780559 0.035906 0.030539
0 0.192100 0.916328 0.052406 0.038109
0 0.306825 0.337316 0.030006 0.045429
0 0.910178 0.375831 0.030844 0.048087
0 0.382609 0.390946 0.033437 0.065468
0 0.295825 0.025945 0.052728 0.031359
0 0.125666 0.275917 0.066453 0.041133
0 0.029969 0.805410 0.032141 0.032290
0 0.009692 0.382649 0.019384 0.040470
0 0.426744 0.935376 0.053047 0.022624
2 0.517909 0.849895 0.040991 0.029337
3 0.613559 0.159044 0.016900 0.016680