0 0.701444 0.739241 0.036641 0.044327
0 0.276072 0.775192 0.035078 0.031493
2 0.835216 0.795079 0.023791 0.024937
4 0.240594 0.144433 0.045750 0.022179
0 0.355172 0.247054 0.039719 0.042234
0 0.529131 0.288280 0.035703 0.042234
0 0.522094 0.249820 0.021625 0.033687
0 0.660103 0.354133 0.051297 0.036234
0 0.649297 0.849121 0.030672 0.042790
0 0.253138 0.035214 0.028994 0.030321
0 0.299769 0.100227 0.024853 0.039968
0 0.116628 0.156970 0.027616 0.032923
3 0.068119 0.220488 0.039422 0.014039
0 0.488012 0.046117 0.034837 0.045438
0 0.575609 0.643462 0.044937 0.027391
0 0.504325 0.257132 0.018959 0.034530
0 0.271050 0.086177 0.030509 0.026930
0 0.358497 0.992712 0.046600 0.014577
0 0.612141 0.010633 0.048453 0.021266
0 0.425894 0.088591 0.058553 0.031695
0 0.723306 0.208907 0.059766 0.024874
0 0.654813 0.086730 0.027859 0.029273
0 0.635378 0.402899 0.019994 0.048626
0 0.663597 0.744011 0.037241 0.021509
0 0.382800 0.076063 0.032306 0.019078
0 0.835278 0.795149 0.024603 0.025095
0 0.379853 0.166012 0.028156 0.028929
0 0.098138 0.597149 0.031131 0.036954
0 0.195669 0.732871 0.038662 0.044180