2 0.141572 0.255044 0.046578 0.022460
1 0.909391 0.530160 0.036156 0.034976
1 0.926844 0.288993 0.030625 0.039265
1 0.958488 0.513538 0.028838 0.043296
1 0.926013 0.426566 0.025319 0.046852
1 0.428159 0.262867 0.049053 0.033766
1 0.826238 0.499523 0.041131 0.026187
1 0.696819 0.146484 0.034016 0.034845
1 0.875266 0.569305 0.032250 0.054345
1 0.911919 0.569523 0.035428 0.028938
1 0.879434 0.437484 0.046725 0.036265
1 0.754403 0.013269 0.032787 0.026539
1 0.105328 0.508157 0.043391 0.025516
1 0.121144 0.209999 0.034416 0.041970
1 0.008668 0.554659 0.017336 0.034788
1 0.213122 0.208839 0.031944 0.049788
1 0.924666 0.642508 0.046125 0.039891
0 0.404406 0.474789 0.040719 0.029266
1 0.649300 0.016738 0.025306 0.033476
1 0.867672 0.613785 0.035219 0.025085
1 0.947769 0.400809 0.036337 0.027070
1 0.480906 0.290390 0.040266 0.027000
1 0.864294 0.374833 0.046259 0.027321
1 0.955181 0.593132 0.031094 0.047407
1 0.995793 0.478087 0.008414 0.051640
0 0.334156 0.011441 0.027203 0.022882
1 0.309978 0.213843 0.034781 0.042375
2 0.305056 0.290437 0.029578 0.048063
1 0.384966 0.347071 0.038025 0.043141