0 0.266813 0.106164 0.022719 0.054780
0 0.043559 0.025750 0.026147 0.051501
0 0.075216 0.939456 0.026162 0.059820
0 0.340738 0.178171 0.036103 0.040095
0 0.370931 0.102895 0.042016 0.043915
0 0.407662 0.833148 0.032281 0.060984
0 0.134300 0.278359 0.035900 0.041688
0 0.226859 0.264278 0.046484 0.029039
0 0.937950 0.476238 0.047600 0.024804
0 0.935459 0.396386 0.054031 0.029304
0 0.568316 0.504051 0.040881 0.022587
0 0.344934 0.759501 0.029194 0.062250
0 0.115184 0.014664 0.029478 0.029328
0 0.342059 0.568234 0.030725 0.057281
0 0.204400 0.150524 0.037703 0.043235
0 0.222516 0.200952 0.060031 0.067266
0 0.545825 0.591044 0.036056 0.035820
0 0.369153 0.067403 0.040228 0.042476
0 0.101034 0.844157 0.025256 0.050374
0 0.326466 0.156220 0.031959 0.062046
0 0.707216 0.087098 0.058006 0.042602
0 0.919641 0.632177 0.043109 0.060663
0 0.198700 0.681754 0.055213 0.051586
0 0.805750 0.064938 0.043563 0.027469
0 0.195909 0.734120 0.052600 0.035773
0 0.200159 0.107598 0.020975 0.034882
0 0.628016 0.856082 0.058734 0.027241
0 0.070422 0.098751 0.023891 0.057766
0 0.514462 0.877844 0.039922 0.055734
0 0.723281 0.962434 0.038906 0.049711
0 0.306481 0.085802 0.026681 0.041993
0 0.170003 0.072766 0.029022 0.027609
0 0.525128 0.659460 0.026869 0.052922
0 0.710188 0.511488 0.027812 0.029243
0 0.143559 0.005051 0.026913 0.010102
0 0.458509 0.758219 0.041750 0.056079
0 0.851044 0.443898 0.050084 0.037952
0 0.287691 0.056652 0.029431 0.030649
0 0.011148 0.291320 0.022295 0.067765
0 0.141219 0.753759 0.050937 0.050923
0 0.811125 0.277473 0.025031 0.030288
0 0.196125 0.063937 0.029250 0.046922
0 0.863387 0.174695 0.062350 0.038454
0 0.667466 0.015829 0.024681 0.027141
0 0.396909 0.621641 0.037181 0.032266
3 0.498500 0.106872 0.034031 0.035273
3 0.674106 0.205164 0.053228 0.030984
3 0.125481 0.182001 0.041209 0.043845
3 0.558544 0.191460 0.039916 0.024157
3 0.300441 0.265246 0.041712 0.019727
3 0.494544 0.157405 0.022009 0.030094
3 0.070481 0.098894 0.021228 0.057007
3 0.394950 0.065601 0.024337 0.022594
3 0.664256 0.264946 0.045156 0.024720
3 0.090375 0.071671 0.018516 0.014203
3 0.636109 0.189250 0.030188 0.040688
0 0.261319 0.218852 0.028766 0.025266
0 0.405531 0.171081 0.040297 0.040711
2 0.713828 0.902059 0.027797 0.033710
2 0.590813 0.143488 0.030031 0.027837
2 0.615203 0.674793 0.020375 0.033757
0 0.474509 0.704898 0.025609 0.035641
0 0.918750 0.360243 0.032969 0.044046
0 0.884122 0.415954 0.038478 0.027734
0 0.569719 0.781680 0.041156 0.021797
0 0.881278 0.521465 0.031369 0.042070
0 0.826303 0.391063 0.036359 0.046001
0 0.220250 0.973082 0.036906 0.051945
0 0.273828 0.184687 0.035469 0.047187
0 0.485903 0.744995 0.019681 0.034259
0 0.680809 0.577734 0.031491 0.034859
0 0.675737 0.534648 0.036787 0.041641
0 0.860516 0.273426 0.025984 0.028148
0 0.843091 0.310480 0.031244 0.024274
3 0.170281 0.229152 0.027375 0.024509
3 0.146253 0.214356 0.035322 0.028008
3 0.068425 0.181731 0.046475 0.026414
3 0.059194 0.277218 0.019094 0.023234
0 0.288178 0.674973 0.035641 0.027820
0 0.248887 0.605434 0.034834 0.046446
0 0.094050 0.624566 0.033462 0.024727
1 0.541997 0.019984 0.063491 0.039968