0 0.224528 0.315309 0.059650 0.024117
0 0.305150 0.408105 0.059031 0.028055
0 0.028304 0.984152 0.056608 0.031696
0 0.282138 0.102501 0.048041 0.057579
0 0.626422 0.920870 0.028734 0.045991
0 0.553925 0.802298 0.026991 0.041016
0 0.559034 0.761840 0.059475 0.029618
0 0.395550 0.259218 0.071963 0.032313
0 0.102869 0.793785 0.050703 0.025852
0 0.912031 0.693220 0.046625 0.044578
0 0.620453 0.960372 0.030453 0.033804
0 0.257234 0.639958 0.065031 0.044805
0 0.082675 0.387128 0.056822 0.025898
0 0.096606 0.895499 0.052116 0.037031
0 0.457987 0.859316 0.068084 0.053712
0 0.318638 0.360133 0.044556 0.031734
0 0.755572 0.929800 0.038875 0.047009
0 0.358278 0.905882 0.065572 0.047501
0 0.602469 0.185570 0.040547 0.036703
0 0.455081 0.755441 0.055350 0.038960
0 0.153331 0.228156 0.049006 0.032719
0 0.044350 0.945794 0.054250 0.025289
0 0.988141 0.687782 0.023719 0.041531
0 0.167081 0.036637 0.036366 0.025399
0 0.145603 0.481884 0.037984 0.028188
0 0.350981 0.209875 0.079275 0.033954
0 0.215766 0.727281 0.062328 0.035735
0 0.714750 0.315027 0.029469 0.029149
0 0.543937 0.216637 0.037953 0.035009
0 0.921794 0.767898 0.039900 0.032641
0 0.205191 0.340124 0.026916 0.045673
0 0.145237 0.309067 0.055725 0.034259
0 0.612231 0.843034 0.052931 0.027305
0 0.356375 0.849566 0.034062 0.035163
0 0.283003 0.163176 0.039619 0.022805
0 0.982309 0.465454 0.033506 0.020234
0 0.430172 0.106727 0.048109 0.069438
0 0.134253 0.972562 0.037541 0.025734
0 0.216097 0.854945 0.057353 0.028547
0 0.880519 0.282203 0.039994 0.040296
0 0.461891 0.334469 0.054844 0.013922
0 0.971738 0.495878 0.040506 0.030227
0 0.384147 0.580052 0.036031 0.027241
0 0.809278 0.026898 0.048525 0.044250
0 0.724384 0.882489 0.056219 0.039462
0 0.497688 0.988094 0.034375 0.023813
0 0.349984 0.495407 0.061719 0.024860
0 0.191991 0.247516 0.059438 0.022015
0 0.310356 0.582027 0.029116 0.031741
0 0.113372 0.289152 0.066569 0.039335
0 0.404737 0.379141 0.050072 0.023421
0 0.502969 0.396571 0.024984 0.039251
0 0.707978 0.903278 0.025719 0.019320
0 0.097644 0.359062 0.057931 0.038344
0 0.295891 0.781263 0.055031 0.025024
0 0.225197 0.963145 0.048953 0.031648
0 0.212553 0.573672 0.053609 0.039499
0 0.950394 0.592023 0.041834 0.034031
0 0.369203 0.191519 0.078172 0.044555
2 0.747228 0.006821 0.039766 0.013641
3 0.617097 0.375602 0.052834 0.043891
3 0.778222 0.121445 0.037994 0.027984
3 0.562941 0.006086 0.034928 0.012171
3 0.571347 0.483559 0.031822 0.060211
3 0.514566 0.669866 0.036681 0.051499
3 0.466203 0.431413 0.053578 0.024077
3 0.652825 0.143066 0.043525 0.053836
3 0.492834 0.615421 0.040313 0.027030
3 0.639759 0.621245 0.018016 0.014695
3 0.371859 0.473012 0.062016 0.028366
0 0.713003 0.554805 0.041834 0.025484
0 0.305831 0.231121 0.045509 0.026632
3 0.524012 0.523063 0.057241 0.021281
2 0.073166 0.609062 0.028922 0.029093
1 0.802831 0.506059 0.043416 0.026461
1 0.473084 0.156890 0.031625 0.067188
2 0.658591 0.231445 0.024678 0.039281
3 0.497069 0.496797 0.026484 0.041876
3 0.384437 0.057449 0.050125 0.017555
0 0.695206 0.495477 0.049587 0.051860
0 0.047000 0.375325 0.063437 0.029491
0 0.136425 0.412136 0.072541 0.028024
0 0.802816 0.828820 0.031944 0.057626
2 0.747669 0.603454 0.045103 0.035484
0 0.510125 0.049680 0.071609 0.053360
0 0.365222 0.447421 0.058041 0.020782
0 0.719519 0.059423 0.050759 0.052905
0 0.210487 0.218155 0.028319 0.031938
2 0.573303 0.077305 0.028844 0.029702
0 0.861762 0.516719 0.051494 0.039720
0 0.537109 0.108367 0.036453 0.033874
0 0.721391 0.399093 0.039906 0.021656
0 0.708866 0.372801 0.030312 0.028460
3 0.434109 0.693536 0.061625 0.036429
0 0.659050 0.963906 0.037744 0.040001
0 0.626622 0.467840 0.022772 0.026304
3 0.345953 0.537707 0.083078 0.024117
0 0.338216 0.049523 0.040100 0.032937
3 0.445219 0.626085 0.027234 0.015766
0 0.829762 0.426245 0.028741 0.041257