2 0.358078 0.114462 0.023688 0.029046
0 0.762125 0.759281 0.039547 0.064109
0 0.146756 0.305180 0.053813 0.112641
0 0.840994 0.054769 0.047000 0.040132
0 0.907234 0.573403 0.029578 0.014414
3 0.925925 0.683602 0.021431 0.034235
0 0.737878 0.830548 0.024150 0.031015
0 0.791166 0.077887 0.032687 0.052366
0 0.600859 0.685085 0.032391 0.033016
0 0.792234 0.756277 0.039516 0.019868
0 0.581100 0.716449 0.040469 0.021790
0 0.057075 0.103552 0.026088 0.052554
3 0.899484 0.797672 0.022766 0.029595
0 0.706394 0.783340 0.021244 0.018884
0 0.652503 0.108898 0.038822 0.045141
0 0.770309 0.652008 0.043100 0.029374
0 0.508438 0.766242 0.034922 0.015968
0 0.055666 0.182430 0.011000 0.036312
0 0.706638 0.846539 0.032275 0.026468
0 0.627066 0.716677 0.021556 0.023695
0 0.684516 0.190582 0.029484 0.049882
0 0.338966 0.986871 0.041587 0.021164
0 0.767091 0.770473 0.025884 0.018195
0 0.759297 0.597813 0.024875 0.035937
0 0.535075 0.786204 0.035866 0.046905
0 0.540891 0.325254 0.031359 0.044679
0 0.030984 0.125133 0.021234 0.044454