0 0.769297 0.456434 0.028656 0.049383
0 0.030172 0.024504 0.027156 0.049008
0 0.826337 0.914977 0.032891 0.041407
0 0.562994 0.588532 0.035422 0.062766
0 0.226734 0.411626 0.025922 0.048860
0 0.993673 0.655610 0.012655 0.048422
0 0.336013 0.815344 0.035053 0.051391
0 0.969266 0.529270 0.042563 0.076259
0 0.963284 0.269046 0.027975 0.065859
0 0.570913 0.043437 0.023906 0.059266
0 0.752281 0.963340 0.038719 0.025493
0 0.796656 0.609778 0.024563 0.054509
0 0.996859 0.444405 0.006283 0.051094
0 0.774559 0.602761 0.034194 0.055273
0 0.285875 0.519473 0.025734 0.043038
0 0.261953 0.381937 0.027922 0.038953
0 0.803409 0.729370 0.028006 0.037680
0 0.105175 0.412048 0.059319 0.058155
0 0.661869 0.029923 0.040656 0.059843
0 0.061622 0.178207 0.038822 0.056491
0 0.960681 0.850624 0.031266 0.044859
0 0.539628 0.238472 0.046178 0.073165
0 0.684425 0.098093 0.038666 0.035313
0 0.685462 0.561230 0.071469 0.040366
0 0.591781 0.326895 0.033719 0.065773
0 0.638928 0.527773 0.027031 0.047923
0 0.928153 0.174370 0.032197 0.057148
0 0.834016 0.943898 0.058375 0.022922
0 0.574116 0.600945 0.018937 0.048422
0 0.866347 0.599168 0.038728 0.035679
0 0.157103 0.049941 0.034844 0.032116
0 0.799125 0.510035 0.042844 0.043289
0 0.240312 0.023000 0.045047 0.046000
0 0.066159 0.410960 0.031694 0.051359
0 0.956612 0.498047 0.053994 0.033703
0 0.951641 0.648511 0.034141 0.037601
0 0.860456 0.233585 0.030959 0.053735
0 0.351172 0.012676 0.038875 0.025351
0 0.059688 0.624563 0.035906 0.042579
0 0.140225 0.624328 0.032844 0.026484
0 0.538419 0.696848 0.022569 0.044524
0 0.666425 0.151938 0.021478 0.041859
0 0.019537 0.760352 0.038000 0.067437
0 0.016770 0.826898 0.033541 0.044250
0 0.762428 0.043840 0.020094 0.079320
0 0.180963 0.611344 0.025688 0.021422
0 0.082278 0.487716 0.037291 0.040366
0 0.993605 0.625894 0.012789 0.026445
0 0.133172 0.006598 0.036938 0.013179
0 0.450784 0.092759 0.042334 0.031095
0 0.298656 0.754505 0.037359 0.024930
0 0.730734 0.642159 0.027797 0.044163
3 0.402859 0.642656 0.040594 0.036750
3 0.510897 0.617562 0.031094 0.048891
3 0.343281 0.598566 0.022781 0.041445
3 0.460444 0.579005 0.028219 0.040805
3 0.044391 0.343547 0.042547 0.034312
1 0.483472 0.659203 0.030447 0.064999
1 0.442875 0.680180 0.053875 0.048703
3 0.322722 0.532718 0.037412 0.019530
0 0.365347 0.814964 0.031338 0.031165
0 0.640241 0.786211 0.030484 0.042579
0 0.639403 0.636907 0.052712 0.024937
0 0.736816 0.035456 0.021834 0.062055
2 0.150372 0.197102 0.122572 0.079343
0 0.372294 0.871952 0.037913 0.028905
1 0.469703 0.739195 0.042406 0.064687
1 0.404700 0.739786 0.045181 0.034587
3 0.343725 0.697880 0.028297 0.043366
0 0.750503 0.083391 0.029991 0.038501
2 0.012844 0.246839 0.025688 0.041618
3 0.231981 0.685999 0.036616 0.030234