0 0.048566 0.984473 0.046350 0.031055
0 0.724972 0.419870 0.021819 0.050883
0 0.339406 0.663327 0.076547 0.100329
0 0.158422 0.474665 0.039844 0.034687
2 0.217191 0.478387 0.022491 0.037868
3 0.239312 0.561149 0.054312 0.043547
3 0.065753 0.073813 0.026213 0.027860
0 0.271472 0.808937 0.052647 0.035984
0 0.196919 0.689577 0.032603 0.039640
0 0.592353 0.476399 0.023141 0.043577
0 0.273534 0.699004 0.029072 0.042663
0 0.009403 0.985296 0.018806 0.029407
0 0.266641 0.849009 0.051562 0.048954
0 0.494391 0.054114 0.028781 0.040852
0 0.448375 0.330480 0.040156 0.021368
0 0.174753 0.015723 0.034119 0.031445
0 0.238328 0.313734 0.039328 0.055406
0 0.239406 0.800718 0.046438 0.026812
0 0.446897 0.218793 0.043766 0.032070
0 0.692753 0.320465 0.049100 0.024820
0 0.460575 0.165386 0.031775 0.048961
0 0.140856 0.141512 0.059416 0.065712
0 0.082600 0.874171 0.026250 0.058109
0 0.273141 0.963273 0.083969 0.055905
0 0.761034 0.058511 0.057116 0.044304
0 0.331713 0.205136 0.032828 0.079992
0 0.553309 0.778087 0.045678 0.022859
0 0.084091 0.570824 0.033022 0.025008
0 0.154128 0.975630 0.057837 0.028430
0 0.972344 0.178919 0.046875 0.032351
0 0.011328 0.667410 0.022656 0.043179
0 0.404428 0.373710 0.040937 0.029702
0 0.852900 0.500605 0.033781 0.043179
0 0.511922 0.243360 0.035984 0.037671
0 0.491331 0.683648 0.030084 0.046031
0 0.064606 0.817462 0.015694 0.029578
0 0.164269 0.852953 0.082525 0.088734
0 0.966012 0.446207 0.046541 0.043727
0 0.005950 0.618149 0.011900 0.034610
0 0.148109 0.885456 0.039719 0.033368
0 0.414834 0.037293 0.047281 0.021040
0 0.021841 0.178673 0.033413 0.045797
0 0.134144 0.575165 0.040506 0.033891
0 0.162625 0.840801 0.030859 0.063462
0 0.671550 0.514872 0.051975 0.037680
0 0.385159 0.837091 0.038759 0.031320
0 0.448787 0.416376 0.038031 0.026782
0 0.335916 0.077036 0.076250 0.035852
0 0.188016 0.857500 0.033297 0.052470
0 0.049462 0.719847 0.051828 0.035445
0 0.109403 0.409813 0.018725 0.050672
0 0.071422 0.536179 0.045250 0.030188
3 0.366422 0.949820 0.028813 0.017578
3 0.142988 0.090325 0.042053 0.028774
3 0.138544 0.234191 0.018475 0.021195
3 0.212806 0.740254 0.037484 0.033335
3 0.019597 0.465430 0.019741 0.016891
3 0.403172 0.579238 0.025016 0.020913
0 0.405856 0.784159 0.019350 0.027867
3 0.427819 0.752664 0.029797 0.039499
0 0.849819 0.817579 0.035984 0.036874