0 0.532531 0.543462 0.046641 0.042000
0 0.647494 0.682980 0.041391 0.035304
0 0.961666 0.277296 0.061062 0.043798
0 0.026788 0.776808 0.037937 0.037835
0 0.006254 0.274125 0.012508 0.040282
0 0.016747 0.064320 0.024569 0.056093
0 0.772775 0.369469 0.032750 0.027265
0 0.080691 0.414949 0.035541 0.077039
0 0.316281 0.144251 0.050391 0.042452
0 0.597788 0.767808 0.046297 0.043413
0 0.892753 0.224398 0.032509 0.054000
0 0.903816 0.110039 0.045759 0.044766
0 0.988911 0.168164 0.022178 0.059484
0 0.898197 0.045117 0.040328 0.017266
0 0.829169 0.023168 0.035291 0.046336
0 0.226419 0.689719 0.043869 0.047079
0 0.053325 0.245297 0.028413 0.031875
0 0.322434 0.247027 0.060069 0.033274
0 0.175872 0.152027 0.041275 0.035759
0 0.243484 0.272899 0.040953 0.037812
0 0.136344 0.885684 0.050313 0.027710
1 0.759078 0.461911 0.038078 0.034835
0 0.598534 0.862341 0.032916 0.032304
2 0.716669 0.579040 0.037244 0.049109
3 0.980972 0.133859 0.022244 0.014595
2 0.756578 0.113578 0.024328 0.033780
0 0.077412 0.032121 0.024891 0.059852
0 0.184313 0.445188 0.036203 0.062812
0 0.225981 0.811179 0.043556 0.031999
0 0.210837 0.073331 0.047125 0.047679
0 0.712863 0.295676 0.048694 0.051195
0 0.704547 0.735089 0.067672 0.038384
0 0.175566 0.463078 0.037634 0.087141
0 0.067569 0.030797 0.040156 0.061594
3 0.088625 0.990457 0.026141 0.019086
3 0.184441 0.987243 0.036853 0.025514
0 0.360897 0.708450 0.046266 0.041726
0 0.463450 0.759450 0.034225 0.037259
0 0.170472 0.302133 0.048916 0.056501
0 0.820825 0.825945 0.052728 0.031359
0 0.864284 0.138063 0.026322 0.050970
0 0.840766 0.058962 0.058375 0.026735