0 0.767250 0.025274 0.040703 0.031329
0 0.995887 0.814176 0.008225 0.049868
0 0.912516 0.933925 0.043953 0.026759
1 0.787381 0.801302 0.066797 0.041196
0 0.912019 0.102503 0.044100 0.055617
0 0.351419 0.896683 0.045009 0.030727
0 0.586128 0.454860 0.036975 0.043751
0 0.160378 0.166996 0.042288 0.022882
0 0.657719 0.991379 0.030609 0.017242
0 0.338194 0.648109 0.038797 0.031282
0 0.333550 0.322684 0.032631 0.042305
0 0.232247 0.568898 0.035462 0.033891
0 0.166941 0.531198 0.048162 0.033321
0 0.091316 0.870414 0.054491 0.028952
0 0.908000 0.222644 0.054438 0.030961
0 0.955816 0.212852 0.044756 0.033359
0 0.195641 0.646359 0.037578 0.037095
0 0.588113 0.542699 0.047569 0.041946
0 0.264019 0.984187 0.037600 0.031625
0 0.622537 0.636688 0.028203 0.039563
0 0.267706 0.294337 0.038522 0.040781
1 0.333456 0.219419 0.056291 0.047102
0 0.048638 0.378313 0.029337 0.032843
1 0.578875 0.871105 0.035078 0.041477
1 0.397163 0.213770 0.050422 0.051945
1 0.863156 0.918051 0.063594 0.035009
0 0.781409 0.441198 0.045147 0.041618
0 0.113344 0.251887 0.037266 0.037430
0 0.057734 0.672595 0.036234 0.042345
0 0.311569 0.805909 0.024000 0.045211
1 0.715184 0.443153 0.034244 0.077398
1 0.943406 0.878172 0.044781 0.056032
2 0.508425 0.682626 0.026259 0.023766
0 0.126059 0.448703 0.049072 0.031952
0 0.381909 0.324655 0.045556 0.055687
0 0.092512 0.575695 0.031041 0.030124
0 0.867603 0.808298 0.052406 0.062280
0 0.482747 0.411573 0.075538 0.031587
0 0.786844 0.217879 0.036766 0.026648
0 0.648909 0.525250 0.033884 0.062016
0 0.410691 0.729215 0.075522 0.028446
0 0.228631 0.222871 0.039672 0.033663
0 0.454709 0.630339 0.040047 0.023290
0 0.035809 0.783761 0.069806 0.027773
0 0.421594 0.920214 0.032297 0.051054
0 0.316456 0.513613 0.051694 0.032524
0 0.765847 0.561234 0.038353 0.047327
1 0.851834 0.430164 0.048031 0.054124
1 0.697828 0.630386 0.069906 0.028805
1 0.570306 0.767945 0.048766 0.037547
3 0.414559 0.448492 0.063416 0.020313
0 0.937222 0.442825 0.039541 0.024164
1 0.810906 0.882220 0.031469 0.060827
2 0.869034 0.715605 0.018056 0.020227
1 0.708109 0.813723 0.047734 0.033680
2 0.743084 0.472241 0.031016 0.030110
2 0.864575 0.837890 0.019588 0.028202
2 0.742472 0.722929 0.020350 0.021328
3 0.759159 0.911214 0.031728 0.057773
3 0.870631 0.511633 0.048141 0.035484
3 0.625172 0.902388 0.015531 0.024509
3 0.971781 0.731390 0.016703 0.024171
3 0.459187 0.873203 0.049344 0.029280
3 0.642581 0.472668 0.037553 0.020070
3 0.607563 0.012308 0.049750 0.024617
3 0.635475 0.081501 0.043781 0.041562
0 0.771403 0.128934 0.048662 0.036586
0 0.405391 0.526907 0.045172 0.027359
0 0.379634 0.391094 0.025609 0.015328
2 0.132238 0.952616 0.035713 0.035578
4 0.494909 0.157509 0.038100 0.027797
0 0.906859 0.244497 0.048000 0.023039
4 0.568700 0.197765 0.093650 0.046343
3 0.557284 0.305411 0.031194 0.040352