0 0.720887 0.380066 0.036538 0.039790
0 0.575444 0.571122 0.018156 0.036710
0 0.618966 0.819953 0.044412 0.019624
1 0.139391 0.925539 0.036344 0.048251
0 0.708409 0.938594 0.034119 0.033110
0 0.747456 0.777081 0.032678 0.021804
2 0.419316 0.384203 0.032803 0.035578
2 0.349916 0.680624 0.048625 0.030452
0 0.955419 0.687414 0.040416 0.032203
0 0.819425 0.870667 0.041678 0.039867
2 0.379888 0.439844 0.024444 0.021094
0 0.588816 0.504641 0.029975 0.050093
0 0.333584 0.922977 0.022813 0.035782
0 0.314750 0.943452 0.020344 0.030345
0 0.955441 0.783438 0.025647 0.046470
0 0.440850 0.214328 0.025328 0.033673
0 0.589422 0.038200 0.048266 0.038852
0 0.609600 0.606468 0.043031 0.022155
0 0.189269 0.335816 0.024713 0.023930
0 0.311638 0.557730 0.028209 0.042710
0 0.294709 0.567524 0.026594 0.026360
3 0.526691 0.942421 0.019256 0.025671
3 0.509294 0.913199 0.023756 0.037195
4 0.332894 0.244356 0.024525 0.030820
0 0.985258 0.756363 0.029484 0.030586
0 0.620081 0.571675 0.036647 0.021241
2 0.845744 0.761378 0.025906 0.031695
0 0.352641 0.939344 0.026969 0.026970
3 0.302103 0.783461 0.036437 0.043423
3 0.308944 0.838579 0.020891 0.043188
3 0.132272 0.680073 0.022891 0.031305
3 0.216594 0.702009 0.017750 0.031343
0 0.765141 0.506085 0.029563 0.027047
2 0.378869 0.462813 0.019031 0.019828
0 0.871584 0.828126 0.053234 0.025781
0 0.789984 0.609257 0.028500 0.022266
3 0.250031 0.850340 0.018719 0.035977
2 0.625969 0.711948 0.027312 0.019477
0 0.914175 0.770465 0.030194 0.027462
2 0.859166 0.987784 0.021219 0.024429
0 0.897097 0.280933 0.038319 0.044414
1 0.186109 0.566751 0.031094 0.029327
2 0.986610 0.079335 0.026780 0.025938
2 0.876487 0.176329 0.020853 0.023625
1 0.117872 0.267503 0.029150 0.027757
2 0.192922 0.431941 0.024047 0.031273
1 0.051634 0.199398 0.021609 0.028641
2 0.424953 0.052352 0.023703 0.036000
0 0.501709 0.108086 0.027359 0.031484
0 0.746950 0.186187 0.036087 0.028875
0 0.618737 0.052546 0.037213 0.026937
0 0.526503 0.112387 0.021603 0.049460
0 0.916206 0.267456 0.029131 0.027429
2 0.403731 0.454698 0.018209 0.020257
0 0.777906 0.844485 0.038000 0.028437
0 0.817075 0.111461 0.050166 0.025624
0 0.788456 0.291782 0.043600 0.033188
3 0.266466 0.663489 0.016572 0.027023
3 0.101300 0.735161 0.015100 0.024680
2 0.808763 0.313054 0.022100 0.025671
2 0.513356 0.370164 0.028616 0.024171
2 0.409344 0.655778 0.038578 0.021991
2 0.101844 0.241370 0.024984 0.029290
0 0.409781 0.655956 0.039984 0.022587
0 0.464438 0.693719 0.028813 0.030703
0 0.943128 0.754907 0.021463 0.034329
0 0.808531 0.312749 0.022719 0.025594
0 0.517872 0.065062 0.027334 0.017702
0 0.769488 0.241816 0.036569 0.027914
0 0.435928 0.252707 0.022828 0.033743
0 0.708372 0.767378 0.038306 0.027211
0 0.750687 0.726637 0.028922 0.043664
0 0.716547 0.993855 0.040984 0.012134
0 0.684816 0.125235 0.026338 0.026250
0 0.984353 0.006672 0.025937 0.013345
0 0.989669 0.821148 0.020662 0.048766
0 0.665256 0.670382 0.032250 0.026625
0 0.365669 0.559345 0.040556 0.032595
0 0.158325 0.330262 0.024819 0.027727
0 0.167169 0.296833 0.025509 0.022852
0 0.984137 0.452050 0.031727 0.025727
0 0.738922 0.965172 0.022469 0.055985
0 0.689191 0.819163 0.051553 0.036593
0 0.037472 0.039074 0.038416 0.024898
0 0.846972 0.514148 0.047647 0.026531
0 0.496575 0.215359 0.031213 0.023655
0 0.955700 0.009399 0.046572 0.018797
0 0.985648 0.270993 0.028703 0.025547
0 0.829522 0.272109 0.030000 0.022516
0 0.413062 0.884254 0.023797 0.044679
0 0.670013 0.259991 0.042741 0.032126
0 0.948903 0.510543 0.050600 0.034962
0 0.740872 0.149055 0.022181 0.030609
0 0.763613 0.367926 0.053666 0.022289
0 0.715066 0.666677 0.036291 0.025962
0 0.954084 0.640405 0.050516 0.027593
0 0.462850 0.240128 0.023625 0.035805
0 0.333156 0.576116 0.027469 0.029782
0 0.881503 0.649321 0.040134 0.028798