0 0.559763 0.289734 0.032572 0.026173
0 0.481528 0.396667 0.042181 0.033633
0 0.549063 0.150913 0.056484 0.030141
0 0.214028 0.310124 0.046491 0.039422
2 0.081644 0.983446 0.019197 0.026906
0 0.428719 0.059992 0.035422 0.041407
4 0.139725 0.915227 0.023688 0.032655
0 0.796128 0.093102 0.073259 0.026203
4 0.729600 0.613082 0.019703 0.035977
4 0.741775 0.755336 0.021203 0.026140
4 0.229519 0.724082 0.030697 0.031680
0 0.585291 0.335383 0.032125 0.037751
0 0.556753 0.721328 0.022447 0.035749
0 0.546359 0.354801 0.029953 0.028132
0 0.672228 0.066074 0.030422 0.029993
1 0.521747 0.453735 0.034287 0.026595
0 0.392394 0.138484 0.029291 0.028718
0 0.339734 0.142879 0.025812 0.030633
2 0.187647 0.019551 0.029172 0.031882
2 0.149747 0.008996 0.042225 0.017991
2 0.135472 0.042198 0.027413 0.029257
2 0.014997 0.457187 0.025072 0.042921
2 0.290984 0.033231 0.042703 0.024117
2 0.510147 0.176617 0.020859 0.024452
2 0.296378 0.623863 0.045241 0.024804
2 0.662294 0.736855 0.033787 0.040711
2 0.309278 0.758636 0.035619 0.028212
0 0.532184 0.744583 0.022209 0.043289
0 0.755641 0.382054 0.026750 0.038266
0 0.544625 0.202581 0.030047 0.033790
0 0.861119 0.352778 0.029328 0.027321
0 0.297891 0.364684 0.034031 0.048195
0 0.006431 0.246348 0.012859 0.033727
0 0.378203 0.525684 0.026781 0.045241
0 0.648816 0.097497 0.055287 0.032039
0 0.910037 0.056312 0.046250 0.029280
0 0.585044 0.057754 0.044569 0.030602
0 0.421741 0.454370 0.031000 0.033867
0 0.412122 0.540445 0.031353 0.043437
0 0.466778 0.622141 0.050744 0.036579
0 0.887200 0.164160 0.026244 0.030867
0 0.490391 0.728641 0.030172 0.049095