0 0.770959 0.660958 0.031484 0.024241
0 0.268222 0.086734 0.020994 0.018750
0 0.068678 0.432484 0.029109 0.029126
0 0.185369 0.184370 0.041188 0.030087
0 0.961797 0.181656 0.027000 0.040828
0 0.989379 0.273384 0.021242 0.059829
0 0.496303 0.895802 0.037141 0.032632
0 0.209609 0.216156 0.037641 0.040704
0 0.877394 0.035235 0.025803 0.030204
0 0.303231 0.633946 0.047366 0.036937
0 0.129172 0.567348 0.034359 0.037962
0 0.425922 0.217054 0.016750 0.025905
2 0.692231 0.383800 0.027194 0.042352
3 0.702434 0.027456 0.030853 0.039884
3 0.671534 0.027632 0.031850 0.055265
3 0.972003 0.255805 0.028334 0.030626
2 0.827000 0.782441 0.034078 0.043523
0 0.924047 0.904059 0.041453 0.024211
3 0.818684 0.300081 0.036944 0.045961
3 0.891013 0.287512 0.036103 0.073242
2 0.885981 0.367258 0.026959 0.030546
2 0.780478 0.627466 0.025797 0.031179
0 0.821625 0.081419 0.044750 0.036148
3 0.718153 0.353308 0.029147 0.022055
0 0.711234 0.312925 0.041484 0.036288
0 0.613713 0.765625 0.046797 0.036563
0 0.638453 0.517347 0.036969 0.032618
0 0.290894 0.746472 0.024697 0.026508
2 0.590272 0.529668 0.032937 0.026414
2 0.171387 0.756566 0.021444 0.040008
0 0.566141 0.638934 0.021625 0.037758
0 0.761844 0.921163 0.045094 0.049048
2 0.724444 0.725699 0.022625 0.025945
2 0.391016 0.562895 0.027891 0.036429
0 0.026106 0.594749 0.045600 0.028266
0 0.114403 0.673675 0.025884 0.053445
0 0.322472 0.809343 0.029663 0.060187
0 0.282387 0.340837 0.030272 0.051391
0 0.053894 0.149634 0.046228 0.026719
0 0.269756 0.498351 0.042594 0.035766
0 0.191034 0.083378 0.022912 0.036616
0 0.683591 0.690285 0.060366 0.092227
0 0.796466 0.678173 0.021506 0.045485
0 0.327897 0.408438 0.031406 0.042766
0 0.395766 0.414841 0.031484 0.068227
0 0.472012 0.676616 0.031350 0.055031
0 0.404844 0.272395 0.018828 0.034617
0 0.483425 0.351313 0.033697 0.048063
0 0.444550 0.624320 0.027725 0.040109
0 0.036544 0.780198 0.029241 0.046024
0 0.223584 0.201430 0.024922 0.048797
0 0.959522 0.512141 0.032859 0.044421
0 0.105488 0.160047 0.018163 0.048312
0 0.126200 0.059062 0.021350 0.037859
0 0.128763 0.166394 0.021041 0.034695
0 0.347722 0.172991 0.033181 0.026266
0 0.346737 0.119212 0.034556 0.035609
0 0.049938 0.730141 0.031859 0.056280
0 0.858762 0.077594 0.056994 0.022547
0 0.193491 0.012841 0.026078 0.023852
0 0.696441 0.027649 0.084631 0.055298
0 0.103916 0.121007 0.026141 0.023156
0 0.166416 0.008328 0.028734 0.016656
0 0.235681 0.011066 0.027953 0.022132
0 0.252459 0.107903 0.022578 0.035712
0 0.899222 0.587523 0.031116 0.057234
0 0.683794 0.602816 0.030756 0.025945
0 0.689363 0.721581 0.037319 0.020320
0 0.347269 0.006703 0.026412 0.013407
0 0.491153 0.096836 0.028666 0.024422
0 0.867669 0.143945 0.051228 0.020515
0 0.874519 0.164223 0.053150 0.024195
0 0.632125 0.561442 0.034812 0.041039
0 0.100925 0.050390 0.024009 0.035515
0 0.428581 0.185038 0.019697 0.024218