0 0.135425 0.010258 0.033491 0.020515
0 0.270681 0.176202 0.045438 0.053984
0 0.360866 0.151567 0.048688 0.052038
0 0.606612 0.558290 0.038881 0.039375
0 0.949722 0.332577 0.025697 0.034376
0 0.971784 0.339632 0.020022 0.045405
0 0.987040 0.324761 0.025920 0.043868
0 0.937559 0.271176 0.032069 0.024898
0 0.962428 0.269765 0.025922 0.030281
0 0.988325 0.274523 0.023350 0.026923
0 0.994090 0.306817 0.011820 0.018227
0 0.908050 0.803559 0.021303 0.056960
0 0.543803 0.454251 0.036703 0.028109
0 0.624306 0.832633 0.045500 0.023140
0 0.646922 0.815399 0.053219 0.026702
0 0.582513 0.802183 0.044259 0.038571
0 0.558013 0.832668 0.042119 0.034195
0 0.531356 0.795402 0.022322 0.043727
0 0.512278 0.784246 0.021650 0.030790
0 0.495334 0.777327 0.017609 0.033687
0 0.603991 0.778602 0.025016 0.051312
0 0.628497 0.789595 0.038166 0.044187
0 0.730938 0.870421 0.044563 0.051984
0 0.152472 0.963466 0.038759 0.041163
0 0.863466 0.059352 0.037381 0.047735
0 0.731528 0.690039 0.039084 0.031704
0 0.648516 0.037886 0.035000 0.034446
0 0.953709 0.860383 0.057094 0.055500
0 0.584984 0.666852 0.038547 0.030422
0 0.017605 0.414114 0.035209 0.038039
0 0.887356 0.507555 0.039134 0.044953
0 0.482347 0.116516 0.063584 0.037859
0 0.701744 0.455683 0.048469 0.027117
0 0.850869 0.935612 0.036297 0.036445
0 0.649906 0.727333 0.039656 0.025992
0 0.865781 0.145082 0.039734 0.033023
1 0.598234 0.097926 0.043813 0.021898
0 0.449000 0.726852 0.082969 0.045626
0 0.283463 0.275090 0.041500 0.050009
0 0.472769 0.810501 0.020853 0.043999
2 0.527513 0.302172 0.025759 0.036157
0 0.469062 0.389805 0.032344 0.057265
3 0.815431 0.806821 0.051328 0.016704
3 0.872931 0.848610 0.094766 0.045281
2 0.670719 0.112180 0.024781 0.032515
0 0.465681 0.342468 0.024469 0.047344
0 0.082197 0.387133 0.040141 0.035859
0 0.849372 0.896589 0.031225 0.048117
0 0.940722 0.129855 0.030397 0.024570
0 0.213175 0.035835 0.035022 0.028812
0 0.786297 0.667054 0.043000 0.026220
0 0.721925 0.374020 0.061022 0.034992
0 0.688559 0.707952 0.049506 0.027110
0 0.772453 0.044786 0.030781 0.027321
2 0.129275 0.237191 0.031234 0.027321
2 0.987247 0.714091 0.025506 0.038852
0 0.689231 0.949555 0.045603 0.075766
0 0.528331 0.010266 0.043931 0.020532
0 0.180894 0.110868 0.044822 0.034734
0 0.618222 0.399414 0.052381 0.038531
0 0.103994 0.340792 0.061766 0.034055
0 0.162137 0.561421 0.036022 0.049969
0 0.458881 0.569671 0.048016 0.024626
0 0.268669 0.442867 0.069381 0.045141
0 0.925306 0.005831 0.033094 0.011663