0 0.235547 0.220845 0.045641 0.047062
0 0.378031 0.297035 0.043516 0.032836
0 0.062406 0.445915 0.024688 0.028453
0 0.465738 0.799680 0.032069 0.035016
0 0.090741 0.477586 0.020391 0.032297
0 0.015372 0.648328 0.024103 0.025687
2 0.244675 0.169364 0.041334 0.025366
2 0.735141 0.547191 0.027531 0.032805
0 0.127716 0.039016 0.032244 0.043765
4 0.187434 0.561171 0.025616 0.032187
0 0.351906 0.233234 0.073984 0.036391
0 0.065747 0.476257 0.028913 0.026327
0 0.040141 0.689386 0.018922 0.028446
0 0.017778 0.678544 0.025491 0.027227
0 0.035891 0.660246 0.022563 0.026712
4 0.580747 0.384300 0.032928 0.021710
4 0.649334 0.535859 0.046312 0.037015
4 0.575531 0.769688 0.023516 0.040155
4 0.759766 0.983655 0.044156 0.019484
4 0.062634 0.991145 0.019750 0.017711
0 0.134234 0.293058 0.019016 0.034148