2 0.120009 0.607547 0.018688 0.017876
0 0.924425 0.271305 0.044584 0.041360
0 0.611091 0.328570 0.037713 0.039218
0 0.649550 0.569660 0.040228 0.040727
0 0.685250 0.564101 0.030172 0.038766
4 0.240594 0.944433 0.045750 0.022179
2 0.613562 0.639933 0.032203 0.032210
0 0.441044 0.685648 0.033587 0.043687
0 0.253138 0.835214 0.028994 0.030321
0 0.299769 0.900227 0.024853 0.039968
0 0.116628 0.956970 0.027616 0.032923
0 0.488012 0.846117 0.034837 0.045438
0 0.735275 0.139683 0.035453 0.043460
0 0.731259 0.439507 0.021563 0.041173
0 0.271050 0.886177 0.030509 0.026930
0 0.018497 0.127399 0.035678 0.036720
0 0.612141 0.805352 0.048453 0.031828
0 0.598091 0.775390 0.024412 0.029454
0 0.548634 0.103957 0.028547 0.043305
0 0.425894 0.888591 0.058553 0.031695
0 0.557909 0.469465 0.029056 0.056070
0 0.746437 0.470496 0.045312 0.042633
0 0.317706 0.435445 0.076119 0.068016
0 0.775984 0.549937 0.032969 0.037530
0 0.337487 0.159117 0.023775 0.030656
0 0.320247 0.108680 0.033322 0.041468
0 0.286828 0.032695 0.040031 0.056421
0 0.563297 0.684813 0.026141 0.032360
0 0.184347 0.174452 0.031962 0.037765
0 0.654813 0.886730 0.027859 0.029273
0 0.392672 0.543797 0.034406 0.025172
0 0.555972 0.067671 0.042694 0.033907
0 0.588066 0.532563 0.043525 0.054345
0 0.382800 0.876063 0.032306 0.019078
0 0.352300 0.622195 0.043991 0.039251
0 0.379853 0.966012 0.028156 0.028929
0 0.270281 0.456211 0.056734 0.028062
0 0.600766 0.539984 0.020031 0.045720
0 0.873481 0.441077 0.033662 0.036188
3 0.637125 0.114497 0.031641 0.033616