1 0.257009 0.061640 0.050422 0.033813
3 0.398394 0.815266 0.026463 0.024124
1 0.805269 0.014152 0.024134 0.028304
1 0.306750 0.009645 0.033813 0.019289
1 0.334325 0.098223 0.038619 0.039227
1 0.163375 0.192606 0.023328 0.037289
1 0.206434 0.188317 0.043084 0.033164
1 0.278353 0.221481 0.054250 0.027429
1 0.314391 0.188793 0.028734 0.034758
1 0.407991 0.178586 0.041172 0.040500
1 0.363503 0.239980 0.026178 0.044009
1 0.422825 0.257043 0.034475 0.032210
1 0.470503 0.275859 0.031603 0.032843
1 0.506219 0.278575 0.022031 0.040835
1 0.448816 0.326727 0.033525 0.051673
1 0.158894 0.140214 0.031837 0.041430