0 0.769775 0.285888 0.046109 0.027429
0 0.497337 0.592206 0.060516 0.051462
0 0.836628 0.850602 0.054025 0.045766
0 0.363912 0.677859 0.036109 0.052125
0 0.375622 0.579262 0.046116 0.043446
0 0.149722 0.332577 0.025697 0.034376
0 0.171784 0.339632 0.020022 0.045405
0 0.187556 0.324761 0.026953 0.043868
0 0.137559 0.271176 0.032069 0.024898
0 0.162428 0.269765 0.025922 0.030281
0 0.196403 0.274523 0.039506 0.026923
0 0.218959 0.290917 0.046172 0.020789
0 0.208062 0.306817 0.039766 0.018227
0 0.916063 0.369902 0.034313 0.032257
0 0.945341 0.392547 0.032478 0.027673
2 0.816300 0.357555 0.036491 0.028015
0 0.690234 0.112422 0.018156 0.032220
1 0.667353 0.328839 0.033312 0.031242
2 0.572203 0.301598 0.030984 0.033054
0 0.615831 0.392552 0.030834 0.024773
0 0.779044 0.924222 0.064806 0.039991
0 0.488556 0.926624 0.043922 0.031751
0 0.108050 0.803559 0.021303 0.056960
0 0.668603 0.821383 0.043953 0.053859
0 0.063466 0.059352 0.037381 0.047735
0 0.985819 0.516515 0.028063 0.032984
0 0.153709 0.860383 0.057094 0.055500
0 0.669566 0.955656 0.055428 0.035079
0 0.786888 0.900501 0.064119 0.034781
0 0.087356 0.507555 0.039134 0.044953
0 0.640144 0.094476 0.033475 0.023953
0 0.896859 0.335027 0.030406 0.017070
0 0.535947 0.144114 0.021812 0.041149
0 0.209156 0.129520 0.024609 0.022320
0 0.050869 0.935612 0.036297 0.036445
0 0.616434 0.666222 0.046587 0.042007
0 0.065781 0.145082 0.039734 0.033023
0 0.441719 0.002680 0.058094 0.005359
0 0.502800 0.992153 0.029741 0.015695
0 0.266972 0.469054 0.030397 0.041454
0 0.776547 0.947706 0.057156 0.044477
3 0.020548 0.806821 0.041095 0.016704
3 0.072931 0.848610 0.094766 0.045281
0 0.815506 0.404500 0.031250 0.037359
0 0.049372 0.896589 0.031225 0.048117
0 0.140722 0.129855 0.030397 0.024570
0 0.585313 0.789648 0.037234 0.043577
0 0.506122 0.903255 0.027928 0.048509
0 0.921209 0.517919 0.033953 0.035866
0 0.950669 0.482903 0.032884 0.029665
0 0.648366 0.377875 0.025219 0.027188
0 0.606738 0.362903 0.044944 0.020102
0 0.855309 0.501027 0.027162 0.026351
0 0.289231 0.766616 0.030772 0.046547
0 0.282191 0.187691 0.026353 0.024134
0 0.807572 0.131905 0.025641 0.042563
0 0.423778 0.503917 0.028228 0.027368
2 0.596334 0.918067 0.039687 0.030602
2 0.986102 0.662730 0.027797 0.028493
0 0.696753 0.694844 0.029366 0.036030
2 0.196903 0.714091 0.044819 0.038852
0 0.244353 0.004832 0.028125 0.009664
0 0.429869 0.176460 0.026281 0.039030
0 0.415534 0.795749 0.050775 0.059735
0 0.288209 0.055926 0.038031 0.038086
0 0.408900 0.876602 0.031500 0.068719
0 0.406434 0.218423 0.037587 0.040453
0 0.125306 0.005831 0.033094 0.011663
0 0.265019 0.950516 0.046603 0.035250