4 0.915491 0.718634 0.024375 0.019657
3 0.026063 0.813380 0.016078 0.029883
0 0.609303 0.623864 0.027984 0.047149
0 0.003277 0.920304 0.006553 0.021298
0 0.009590 0.482723 0.019180 0.062163
3 0.090528 0.940852 0.014494 0.018579
3 0.123200 0.939532 0.019728 0.021954
3 0.440875 0.941770 0.027141 0.030352
0 0.363294 0.449203 0.026428 0.022202
0 0.340419 0.465195 0.019850 0.023515
0 0.417938 0.522848 0.031156 0.055460
0 0.354103 0.565355 0.027578 0.030898
0 0.474481 0.440609 0.024178 0.019437
0 0.021513 0.911618 0.021119 0.040500
0 0.203356 0.840926 0.040866 0.042539