0 0.199972 0.419870 0.021819 0.050883
0 0.067353 0.476399 0.023141 0.043577
2 0.858778 0.662477 0.022912 0.034641
0 0.908497 0.287195 0.062100 0.029578
0 0.167753 0.320465 0.049100 0.024820
0 0.711313 0.446875 0.053141 0.044906
0 0.889328 0.381913 0.059062 0.029859
0 0.236034 0.058511 0.057116 0.044304
0 0.028309 0.778087 0.045678 0.022859
0 0.515016 0.021270 0.045672 0.042539
0 0.958375 0.479390 0.053188 0.041829
0 0.627956 0.233043 0.036869 0.034507
0 0.820731 0.504578 0.039881 0.063516
0 0.623878 0.141039 0.052194 0.032016
0 0.447344 0.178919 0.046875 0.032351
0 0.825559 0.313616 0.044069 0.034641
0 0.327900 0.500605 0.033781 0.043179
0 0.500763 0.396044 0.028963 0.035320
0 0.441012 0.446207 0.046541 0.043727
0 0.653494 0.985882 0.101828 0.028235
0 0.969684 0.850192 0.037072 0.028992
0 0.146550 0.514872 0.051975 0.037680
0 0.571341 0.348648 0.043022 0.024532
0 0.580828 0.151293 0.038641 0.043289
0 0.324819 0.817579 0.035984 0.036874