0 0.611103 0.590242 0.052266 0.029234
0 0.120781 0.385968 0.062297 0.031343
0 0.278053 0.510829 0.029828 0.040095
0 0.499122 0.067956 0.064850 0.027743
0 0.605466 0.661509 0.051569 0.023641
0 0.491894 0.818048 0.034006 0.044234
0 0.967484 0.958293 0.028484 0.041508
0 0.783309 0.487919 0.050822 0.021602
0 0.396341 0.507841 0.034072 0.034587
0 0.564172 0.248859 0.058203 0.053813
0 0.866006 0.938242 0.047922 0.034235
0 0.608066 0.510011 0.053791 0.022695
0 0.073184 0.667405 0.059681 0.040031
0 0.802512 0.104683 0.052881 0.036602
0 0.503722 0.505980 0.024962 0.026726
0 0.987781 0.826499 0.024437 0.031734
0 0.805594 0.344695 0.045828 0.037812
0 0.537422 0.613673 0.050156 0.024030
0 0.677975 0.819152 0.043172 0.038852
0 0.981946 0.952591 0.036108 0.066790
0 0.529234 0.485985 0.051734 0.020984
0 0.618316 0.907708 0.034475 0.032571
0 0.721488 0.564395 0.024728 0.024054
0 0.045406 0.204937 0.055766 0.041735
0 0.987094 0.973809 0.020672 0.024602
0 0.801069 0.879102 0.023797 0.027891
3 0.743247 0.920266 0.036741 0.016828