0 0.233669 0.622867 0.021162 0.030157
0 0.134656 0.492941 0.030109 0.014618
0 0.249059 0.702355 0.030181 0.040493
4 0.113050 0.719957 0.027713 0.021274
4 0.063484 0.505204 0.021438 0.013671
0 0.198794 0.632284 0.031728 0.025758
0 0.013522 0.869997 0.018750 0.036680
3 0.099484 0.006235 0.022766 0.012469
3 0.017915 0.903988 0.035830 0.020759
0 0.011551 0.839774 0.023102 0.024780
0 0.209472 0.976984 0.030806 0.046031
3 0.026960 0.985926 0.053920 0.028148
0 0.487550 0.336138 0.021741 0.032257
0 0.269047 0.483337 0.021172 0.027766
0 0.294297 0.544019 0.019844 0.028273