0 0.934656 0.492941 0.030109 0.014618
3 0.752712 0.954398 0.013641 0.036218
3 0.632916 0.844715 0.023781 0.023210
3 0.478819 0.787820 0.017344 0.032829
3 0.544412 0.805321 0.044469 0.021157
3 0.537000 0.736907 0.023969 0.024281
0 0.786759 0.663391 0.022516 0.023391
4 0.913050 0.719957 0.027713 0.021274
3 0.596984 0.633958 0.059156 0.018851
3 0.648366 0.757593 0.022906 0.019516
4 0.863484 0.505204 0.021438 0.013671
0 0.737878 0.030548 0.024150 0.031015
3 0.769194 0.956249 0.014484 0.044688
0 0.991465 0.632284 0.017070 0.025758
0 0.813522 0.869997 0.018750 0.036680
0 0.302353 0.381198 0.023406 0.033321
3 0.710409 0.813133 0.030334 0.028048
3 0.643000 0.735770 0.016703 0.021539
3 0.899484 0.006235 0.022766 0.012469
3 0.814900 0.903988 0.041859 0.020759
3 0.457531 0.892274 0.015484 0.013188
3 0.731956 0.940930 0.027041 0.036391
3 0.557737 0.990434 0.020616 0.019132
3 0.582003 0.688180 0.018712 0.034296
3 0.624006 0.705374 0.020406 0.020876
3 0.406806 0.849831 0.012297 0.015040
3 0.642153 0.652720 0.025459 0.014953
3 0.595284 0.583335 0.040009 0.021405
3 0.499647 0.616792 0.024531 0.019664
3 0.510403 0.689793 0.022100 0.036476
3 0.523191 0.971430 0.023431 0.023360
3 0.728022 0.672121 0.012453 0.015445
3 0.754153 0.580921 0.028366 0.015734
3 0.747194 0.624238 0.026297 0.014852
3 0.472234 0.953015 0.015000 0.021187
3 0.529394 0.653727 0.013584 0.014829
3 0.659050 0.574504 0.030994 0.019024
0 0.805597 0.839774 0.035009 0.024780
0 0.016366 0.330290 0.016531 0.021813
0 0.706638 0.046539 0.032275 0.026468
0 0.075481 0.424422 0.017084 0.028734
0 0.338966 0.186871 0.041587 0.021164
3 0.651159 0.987930 0.022803 0.024141
3 0.707084 0.873081 0.048391 0.062571
3 0.659631 0.921316 0.027422 0.030195
3 0.818331 0.985926 0.071178 0.028148
3 0.501331 0.945876 0.034803 0.031687
0 0.043456 0.297491 0.035756 0.046048
0 0.535075 0.004828 0.035866 0.009657
0 0.202903 0.221324 0.022572 0.030680