0 0.057050 0.252726 0.032241 0.026203
0 0.765425 0.985727 0.029850 0.028546
0 0.868678 0.976234 0.029109 0.029126
0 0.982387 0.728120 0.035225 0.030087
0 0.512941 0.891245 0.040256 0.040024
0 0.995395 0.759906 0.009211 0.040704
0 0.526703 0.979919 0.033547 0.028835
0 0.607678 0.987789 0.033312 0.024422
2 0.398656 0.166731 0.028141 0.031195
2 0.075172 0.015586 0.032875 0.031172
0 0.714925 0.803781 0.028259 0.029109
0 0.663481 0.875512 0.032369 0.024398
0 0.661631 0.906437 0.023141 0.039593
2 0.284094 0.123175 0.018203 0.033054
2 0.555031 0.283206 0.035313 0.027241
2 0.612019 0.222672 0.030475 0.036609
2 0.492191 0.100745 0.044103 0.034601
0 0.298050 0.861140 0.042806 0.030405
0 0.920497 0.116624 0.033306 0.055390
0 0.451141 0.401359 0.033609 0.033171
0 0.333047 0.994039 0.035078 0.011923
0 0.853894 0.693384 0.046228 0.026719
0 0.693625 0.539669 0.035375 0.030930
0 0.955138 0.036367 0.038537 0.033469
0 0.478528 0.349363 0.031272 0.030274
0 0.601800 0.503284 0.031166 0.040523
0 0.172322 0.029001 0.024828 0.040423
0 0.396803 0.308312 0.048156 0.026735
0 0.199016 0.660391 0.030469 0.039891
0 0.159725 0.302812 0.043562 0.032126
0 0.476075 0.023917 0.053897 0.032632
0 0.354025 0.004972 0.053188 0.009945
0 0.989789 0.627128 0.020422 0.036616
0 0.269937 0.187820 0.035859 0.038859
0 0.664922 0.105625 0.050875 0.034969
0 0.105078 0.656249 0.033891 0.037095
0 0.992058 0.241555 0.015884 0.041374
0 0.991036 0.012047 0.017928 0.024094
0 0.157778 0.768011 0.040900 0.054258
0 0.878356 0.004793 0.040928 0.009586
0 0.217578 0.871769 0.041594 0.023836
0 0.905488 0.703797 0.018163 0.048312
0 0.020230 0.863343 0.040461 0.035454
0 0.926200 0.602812 0.021350 0.037859
0 0.928763 0.710144 0.021041 0.034695
0 0.325834 0.926336 0.039891 0.041484
0 0.959753 0.349206 0.031928 0.034165
0 0.068878 0.395200 0.054506 0.066696
0 0.262091 0.023523 0.035772 0.047046
0 0.990226 0.556591 0.019548 0.023852
0 0.052609 0.288445 0.048094 0.028423
0 0.404919 0.862270 0.024587 0.040523
0 0.903916 0.664757 0.026141 0.023156
0 0.966416 0.548793 0.028734 0.023227
0 0.050541 0.162327 0.030797 0.041220
0 0.287119 0.279262 0.028609 0.032899
0 0.676847 0.646720 0.037134 0.025343
0 0.237266 0.421030 0.035219 0.039813
0 0.017320 0.491718 0.034641 0.032250
0 0.397269 0.528995 0.037025 0.037148
0 0.286128 0.549175 0.040900 0.029712
0 0.507009 0.740530 0.054047 0.033312
0 0.598053 0.685734 0.037391 0.028798
0 0.561603 0.611695 0.047469 0.028235
0 0.190047 0.519184 0.032125 0.057023
0 0.113206 0.459866 0.035069 0.031577
0 0.508631 0.472863 0.035062 0.035086
0 0.364525 0.433973 0.039906 0.027070
0 0.900925 0.594140 0.024009 0.035515
0 0.649906 0.739780 0.038844 0.025751
0 0.380906 0.834032 0.023516 0.025125