4 0.555116 0.018427 0.031578 0.027696
3 0.883156 0.830988 0.034813 0.017320
4 0.824450 0.518566 0.014369 0.028383
4 0.623391 0.127434 0.040187 0.023461
2 0.945872 0.578034 0.042381 0.027398
2 0.849406 0.525117 0.033188 0.027110
2 0.200766 0.815137 0.026594 0.030727
3 0.905044 0.810405 0.039288 0.023876
0 0.992773 0.647098 0.014455 0.041273
2 0.267881 0.708649 0.032078 0.042124
2 0.322047 0.447136 0.039844 0.034366
2 0.140075 0.285019 0.035947 0.043554
2 0.991871 0.865113 0.016258 0.027539
0 0.997273 0.326456 0.005453 0.051211
0 0.924894 0.964828 0.029447 0.038156
0 0.103691 0.647520 0.055634 0.029477
0 0.842434 0.695351 0.049541 0.031359
0 0.061200 0.882855 0.033728 0.035866