0 0.610000 0.445122 0.024406 0.038695
0 0.195887 0.380066 0.036538 0.039790
0 0.050444 0.571122 0.018156 0.036710
0 0.093966 0.819953 0.044412 0.019624
0 0.183409 0.938594 0.034119 0.033110
0 0.222456 0.777081 0.032678 0.021804
0 0.430419 0.687414 0.040416 0.032203
0 0.294425 0.870667 0.041678 0.039867
0 0.063816 0.504641 0.029975 0.050093
0 0.430441 0.783438 0.025647 0.046470
0 0.064422 0.038200 0.048266 0.038852
0 0.084600 0.606468 0.043031 0.022155
3 0.005659 0.942421 0.011319 0.025671
0 0.465394 0.756363 0.039756 0.030586
0 0.095081 0.571675 0.036647 0.021241
2 0.320744 0.761378 0.025906 0.031695
0 0.863559 0.679804 0.032444 0.037781
4 0.914453 0.741888 0.030766 0.029946
0 0.761669 0.700687 0.055056 0.056531
0 0.240141 0.506085 0.029563 0.027047
0 0.346584 0.828126 0.053234 0.025781
0 0.264984 0.609257 0.028500 0.022266
2 0.754994 0.008445 0.027594 0.016891
0 0.840753 0.699477 0.022194 0.019610
2 0.100969 0.711948 0.027312 0.019477
0 0.389175 0.770465 0.030194 0.027462
2 0.334166 0.987784 0.021219 0.024429
0 0.372097 0.280933 0.038319 0.044414
2 0.467291 0.079335 0.038141 0.025938
2 0.351487 0.176329 0.020853 0.023625
0 0.221950 0.186187 0.036087 0.028875
0 0.093737 0.052546 0.037213 0.026937
0 0.006152 0.112387 0.012305 0.049460
0 0.391206 0.267456 0.029131 0.027429
2 0.895769 0.585297 0.037741 0.038280
0 0.252906 0.844485 0.038000 0.028437
0 0.292075 0.111461 0.050166 0.025624
0 0.263456 0.291782 0.043600 0.033188
2 0.485700 0.113669 0.033803 0.025648
2 0.651809 0.178534 0.026759 0.034273
2 0.776684 0.294531 0.033959 0.045532
2 0.283763 0.313054 0.022100 0.025671
2 0.495859 0.088989 0.018875 0.025882
0 0.567612 0.443816 0.032072 0.032367
0 0.418128 0.754907 0.021463 0.034329
0 0.283531 0.312749 0.022719 0.025594
0 0.592978 0.538258 0.038094 0.037172
0 0.003270 0.065062 0.006539 0.017702
0 0.244488 0.241816 0.036569 0.027914
0 0.633622 0.862070 0.046228 0.036579
0 0.183372 0.767378 0.038306 0.027211
0 0.225687 0.726637 0.028922 0.043664
0 0.191547 0.993855 0.040984 0.012134
0 0.159816 0.125235 0.026338 0.026250
0 0.459353 0.006672 0.025937 0.013345
0 0.473872 0.821148 0.039069 0.048766
0 0.140256 0.670382 0.032250 0.026625
0 0.469187 0.452050 0.051828 0.025727
0 0.514884 0.634527 0.040406 0.028259
0 0.680828 0.008774 0.052750 0.017548
0 0.213922 0.965172 0.022469 0.055985
0 0.164191 0.819163 0.051553 0.036593
0 0.321972 0.514148 0.047647 0.026531
0 0.430700 0.009399 0.046572 0.018797
0 0.474972 0.270993 0.057350 0.025547
0 0.625431 0.159067 0.034328 0.026946
0 0.304522 0.272109 0.030000 0.022516
0 0.145013 0.259991 0.042741 0.032126
0 0.423903 0.510543 0.050600 0.034962
0 0.215872 0.149055 0.022181 0.030609
0 0.238613 0.367926 0.053666 0.022289
0 0.519787 0.005031 0.029953 0.010062
0 0.190066 0.666677 0.036291 0.025962
0 0.429084 0.640405 0.050516 0.027593
0 0.356503 0.649321 0.040134 0.028798
0 0.518509 0.941816 0.028359 0.053742