0 0.730341 0.656988 0.035834 0.045462
0 0.558259 0.752597 0.030984 0.033945
0 0.565369 0.725824 0.022703 0.034289
2 0.521581 0.029712 0.035069 0.035093
0 0.461972 0.748477 0.045822 0.039452
0 0.337213 0.302419 0.038203 0.042305
0 0.931753 0.112516 0.047900 0.063780
0 0.225972 0.943050 0.025553 0.031259
3 0.865753 0.873813 0.026213 0.027860
3 0.778188 0.905372 0.019391 0.019336
0 0.603762 0.742343 0.029400 0.037765
0 0.609522 0.514500 0.023625 0.047796
0 0.284028 0.076441 0.044259 0.046289
2 0.654906 0.113133 0.035047 0.032702
2 0.777656 0.219070 0.031875 0.034235
0 0.240528 0.451289 0.028634 0.037266
0 0.974753 0.810328 0.034119 0.042234
0 0.673141 0.700212 0.029922 0.048157
0 0.575184 0.360164 0.027322 0.044876
0 0.298641 0.661927 0.027969 0.041648
0 0.971781 0.519239 0.036031 0.062538
0 0.494950 0.884137 0.053291 0.034118
0 0.414966 0.104105 0.033084 0.069930
0 0.940856 0.941512 0.059416 0.065712
0 0.930909 0.432710 0.061244 0.032016
0 0.184619 0.195902 0.032781 0.070664
0 0.119722 0.600809 0.053553 0.040242
0 0.490828 0.700835 0.041656 0.056220
0 0.702381 0.985793 0.047359 0.028414
0 0.938809 0.684886 0.046119 0.059712
0 0.521359 0.294277 0.036922 0.043102
0 0.062725 0.064308 0.051422 0.050913
0 0.160203 0.345891 0.045891 0.052406
0 0.990742 0.604859 0.018516 0.052922
0 0.571266 0.669499 0.024906 0.052172
0 0.599175 0.959034 0.045291 0.024804
0 0.793753 0.575895 0.042788 0.044899
0 0.334716 0.165516 0.051744 0.055202
0 0.364297 0.955165 0.032813 0.030234
0 0.365937 0.904097 0.044188 0.029585
0 0.079047 0.239339 0.048547 0.061024
0 0.534159 0.989984 0.021259 0.020032
0 0.170809 0.724495 0.032478 0.043383
0 0.770216 0.361036 0.045991 0.028727
0 0.534703 0.429047 0.045547 0.040516
0 0.821266 0.101384 0.036906 0.044156
0 0.014477 0.904683 0.028953 0.036602
0 0.381428 0.564804 0.027766 0.049141
0 0.017083 0.325605 0.034166 0.043634
0 0.945094 0.361296 0.044125 0.087516
0 0.677375 0.424383 0.036813 0.038655
0 0.190128 0.647074 0.042322 0.051211
0 0.872522 0.546410 0.033297 0.063804
0 0.674703 0.010015 0.055297 0.019985
0 0.821841 0.977887 0.033413 0.044226
0 0.701950 0.806023 0.048791 0.030345
0 0.853734 0.299984 0.053469 0.046172
0 0.241000 0.763191 0.050656 0.034570
0 0.258659 0.883207 0.032256 0.039991
0 0.437628 0.713454 0.026428 0.024720
3 0.942988 0.890325 0.042053 0.028774
3 0.737409 0.550852 0.041150 0.026220
0 0.930881 0.059695 0.034812 0.036516