0 0.610000 0.984762 0.024406 0.030476
0 0.195887 0.923816 0.036538 0.039790
0 0.943684 0.213210 0.050647 0.027312
0 0.655162 0.024972 0.025641 0.043852
0 0.859453 0.051039 0.022500 0.026046
0 0.587131 0.358445 0.041141 0.029548
0 0.464738 0.498559 0.048369 0.025055
0 0.064422 0.581950 0.048266 0.038852
0 0.828941 0.328218 0.037381 0.034641
0 0.951153 0.290078 0.035322 0.017719
0 0.544394 0.503915 0.027478 0.035407
0 0.632719 0.007441 0.035031 0.014882
2 0.592969 0.332359 0.026719 0.026126
0 0.780666 0.344870 0.033813 0.031695
0 0.887325 0.327712 0.042569 0.028015
0 0.872825 0.454023 0.032647 0.030687
1 0.109362 0.208387 0.029303 0.032070
0 0.989091 0.204559 0.021819 0.025570
0 0.261794 0.324398 0.041431 0.039328
2 0.754994 0.546766 0.027594 0.027750
4 0.274466 0.208180 0.026459 0.026079
0 0.186797 0.310790 0.023422 0.046390
0 0.718266 0.324362 0.033094 0.025336
0 0.372097 0.824683 0.038319 0.044414
0 0.904763 0.436914 0.040928 0.025547
2 0.467291 0.623085 0.038141 0.025938
2 0.351487 0.720079 0.020853 0.023625
0 0.221950 0.729937 0.036087 0.028875
0 0.093737 0.596296 0.037213 0.026937
0 0.006152 0.656137 0.012305 0.049460
0 0.391206 0.811206 0.029131 0.027429
2 0.940356 0.162887 0.023603 0.030773
2 0.173669 0.400316 0.027463 0.027509
0 0.137409 0.309210 0.037991 0.027171
0 0.562422 0.325567 0.025703 0.042649
0 0.292075 0.655211 0.050166 0.025624
0 0.263456 0.835532 0.043600 0.033188
0 0.793984 0.085989 0.045344 0.028835
0 0.743359 0.176540 0.052844 0.024766
2 0.485700 0.657419 0.033803 0.025648
2 0.651809 0.722284 0.026759 0.034273
2 0.776684 0.838281 0.033959 0.045532
2 0.283763 0.856804 0.022100 0.025671
2 0.057031 0.006555 0.032703 0.013110
2 0.396766 0.433176 0.033672 0.025821
2 0.481544 0.053547 0.021791 0.022734
2 0.201434 0.424551 0.028600 0.029759
2 0.426028 0.445581 0.028134 0.028179
2 0.495859 0.632739 0.018875 0.025882
2 0.397753 0.217616 0.025413 0.027797
0 0.567612 0.985691 0.032072 0.028617
0 0.397578 0.218172 0.026359 0.029093
0 0.283531 0.856499 0.022719 0.025594
0 0.951109 0.074425 0.027250 0.028165
0 0.003270 0.608812 0.006539 0.017702
0 0.244488 0.785566 0.036569 0.027914
0 0.984828 0.039632 0.025062 0.027766
0 0.480872 0.052422 0.021166 0.020625
0 0.729753 0.224676 0.052228 0.023508
0 0.159816 0.668985 0.026338 0.026250
0 0.459353 0.538040 0.025937 0.038109
0 0.669031 0.455938 0.039687 0.022235
0 0.984888 0.437852 0.029241 0.032641
0 0.469187 0.991468 0.051828 0.017064
0 0.932047 0.080249 0.067172 0.033546
0 0.680828 0.550169 0.052750 0.022259
0 0.942581 0.418148 0.052303 0.028390
0 0.083244 0.098863 0.022391 0.040805
0 0.909716 0.005531 0.039103 0.011063
0 0.875641 0.144454 0.024750 0.024141
0 0.500891 0.221247 0.033406 0.035571
0 0.696184 0.005629 0.032912 0.011257
0 0.430700 0.545657 0.046572 0.033780
0 0.474972 0.814743 0.057350 0.025547
0 0.723519 0.234836 0.058584 0.034751
0 0.860916 0.020073 0.052688 0.023210
0 0.333594 0.035366 0.024344 0.040484
0 0.915038 0.349825 0.041484 0.032257
0 0.625431 0.702817 0.034328 0.026946
0 0.304522 0.815859 0.030000 0.022516
0 0.672244 0.415680 0.045000 0.033124
0 0.211872 0.119038 0.025447 0.045469
0 0.981225 0.278038 0.037469 0.019688
0 0.831694 0.165437 0.034062 0.032454
0 0.145013 0.803741 0.042741 0.032126
0 0.882300 0.113083 0.052584 0.021398
0 0.756141 0.372508 0.037344 0.028172
0 0.649650 0.431922 0.039750 0.026313
0 0.151319 0.288395 0.036516 0.030429
0 0.215872 0.692805 0.022181 0.030609
0 0.238613 0.911676 0.053666 0.022289
0 0.733912 0.439757 0.028297 0.032672
0 0.519787 0.537086 0.029953 0.033452
0 0.896766 0.410493 0.043781 0.022095
0 0.846556 0.284683 0.047844 0.022664
0 0.626625 0.117508 0.054516 0.050032
0 0.981525 0.317934 0.036156 0.031446
0 0.789928 0.252930 0.038453 0.035062
0 0.871263 0.255332 0.056163 0.025460