0 0.402372 0.258359 0.027416 0.042218
0 0.393894 0.352495 0.028666 0.031634
0 0.645562 0.089895 0.026437 0.044351
2 0.719572 0.524027 0.022109 0.031352
0 0.926125 0.075827 0.031813 0.041313
0 0.408309 0.410466 0.029619 0.041210
0 0.984656 0.038993 0.030687 0.042609
0 0.627047 0.411710 0.027125 0.033579
0 0.040994 0.054769 0.047000 0.040132
0 0.555244 0.217910 0.020500 0.034680
0 0.107234 0.573403 0.029578 0.014414
3 0.245534 0.768734 0.015978 0.022828
3 0.125925 0.683602 0.021431 0.034235
0 0.556175 0.531422 0.031400 0.046406
0 0.003755 0.077887 0.007509 0.052366
0 0.731594 0.481390 0.042250 0.026093
0 0.332675 0.200602 0.045538 0.030298
0 0.005996 0.756277 0.011992 0.019868
0 0.418587 0.362735 0.015500 0.030094
0 0.583906 0.223188 0.028297 0.042187
3 0.099484 0.797672 0.022766 0.029595
3 0.735681 0.600602 0.029937 0.030532
2 0.787831 0.025718 0.024444 0.033546
0 0.969547 0.021499 0.028344 0.033094
0 0.669447 0.081359 0.019484 0.046734
0 0.547559 0.182590 0.041272 0.014648
0 0.538797 0.390579 0.030859 0.022423
0 0.527806 0.419548 0.019125 0.027157
0 0.614669 0.598973 0.030947 0.017430
0 0.872966 0.072164 0.039197 0.024593
0 0.561937 0.411914 0.019375 0.026220
0 0.421681 0.337575 0.028266 0.030930
0 0.712841 0.019320 0.025978 0.038609
0 0.640034 0.360926 0.047744 0.033288
0 0.620137 0.500573 0.033475 0.025680
2 0.748031 0.539524 0.028625 0.023140
0 0.974381 0.103437 0.035281 0.054562
0 0.929394 0.108398 0.023397 0.027734
0 0.657075 0.617109 0.030400 0.051516
2 0.528128 0.051516 0.033913 0.033532
0 0.632863 0.141710 0.023384 0.056079
0 0.861616 0.021840 0.032906 0.043679
0 0.770819 0.008824 0.041547 0.017648