0 0.048566 0.445293 0.046350 0.040195
0 0.737594 0.926212 0.032781 0.046952
0 0.400587 0.630890 0.039141 0.028031
2 0.989570 0.984965 0.020861 0.029930
0 0.040891 0.497823 0.035375 0.025805
0 0.339406 0.119577 0.076547 0.100329
0 0.090769 0.493356 0.031384 0.039368
3 0.239312 0.019586 0.054312 0.039173
0 0.271472 0.265187 0.052647 0.035984
0 0.015541 0.525691 0.027172 0.071163
0 0.196919 0.145827 0.032603 0.039640
0 0.376906 0.978503 0.030844 0.042991
0 0.549019 0.793187 0.034975 0.024405
0 0.880612 0.980950 0.027163 0.031259
0 0.910487 0.980027 0.028087 0.029414
0 0.273534 0.155254 0.029072 0.042663
0 0.546413 0.929845 0.031078 0.038859
0 0.009403 0.455027 0.018806 0.056367
0 0.012695 0.875235 0.025391 0.037343
0 0.266641 0.305259 0.051562 0.048954
0 0.619241 0.968277 0.032781 0.055132
0 0.427962 0.855433 0.030297 0.063570
0 0.239406 0.256968 0.046438 0.026812
0 0.778016 0.915960 0.026969 0.064470
0 0.082600 0.330421 0.026250 0.058109
0 0.273141 0.419523 0.083969 0.055905
0 0.132578 0.513255 0.037875 0.044149
0 0.453294 0.701073 0.046303 0.035571
0 0.553309 0.234337 0.045678 0.022859
0 0.908216 0.671507 0.042522 0.026515
0 0.084091 0.027074 0.033022 0.025008
0 0.486606 0.923828 0.021147 0.052484
0 0.154128 0.431880 0.057837 0.028430
0 0.125122 0.634867 0.037103 0.072563
0 0.011328 0.123660 0.022656 0.043179
0 0.814988 0.885168 0.038462 0.019085
0 0.491331 0.139898 0.030084 0.046031
0 0.992259 0.813606 0.015483 0.024429
0 0.064606 0.273712 0.015694 0.029578
0 0.164269 0.309203 0.082525 0.088734
0 0.005950 0.074399 0.011900 0.034610
0 0.148109 0.341706 0.039719 0.033368
0 0.408156 0.776015 0.029875 0.044923
0 0.351216 0.901340 0.039900 0.053930
0 0.652106 0.901488 0.058178 0.040383
0 0.134144 0.031415 0.040506 0.033891
0 0.162625 0.297051 0.030859 0.063462
0 0.085116 0.528091 0.027531 0.031320
0 0.385159 0.293341 0.038759 0.031320
0 0.188016 0.313750 0.033297 0.052470
0 0.049462 0.176097 0.051828 0.035445
0 0.884706 0.804918 0.029228 0.035555
0 0.071422 0.003761 0.045250 0.007523
3 0.366422 0.406070 0.028813 0.017578
3 0.212806 0.196504 0.037484 0.033335
3 0.403172 0.035488 0.025016 0.020913
0 0.405856 0.240409 0.019350 0.027867
3 0.427819 0.208914 0.029797 0.039499
0 0.849819 0.273829 0.035984 0.036874