0 0.208306 0.270426 0.033063 0.049868
0 0.881966 0.097637 0.137366 0.062618
0 0.112516 0.390175 0.043953 0.026759
1 0.010390 0.257552 0.020780 0.041196
0 0.576450 0.167516 0.037334 0.054844
0 0.888672 0.301066 0.026547 0.062304
0 0.291388 0.543829 0.033884 0.048827
0 0.188934 0.490113 0.073756 0.048241
0 0.693281 0.449488 0.048359 0.049413
0 0.009019 0.520488 0.018037 0.066633
0 0.096519 0.539230 0.037366 0.037945
0 0.617116 0.397117 0.027828 0.045499
0 0.775456 0.302383 0.033022 0.044735
0 0.930012 0.796241 0.035338 0.045984
0 0.971350 0.452554 0.038781 0.049594
0 0.782753 0.372513 0.051772 0.039884
0 0.985231 0.508991 0.029537 0.031845
0 0.724253 0.970614 0.028319 0.047759
0 0.768894 0.514527 0.032353 0.037165
0 0.486503 0.931340 0.053225 0.044585
0 0.387819 0.124270 0.027219 0.046165
3 0.036425 0.713132 0.029991 0.024907
0 0.395347 0.909156 0.045666 0.057124
0 0.139109 0.520434 0.041047 0.049493
2 0.691487 0.659952 0.029838 0.028671
1 0.063156 0.374301 0.063594 0.035009
2 0.683078 0.914927 0.023578 0.038367
0 0.928859 0.064968 0.037594 0.024938
2 0.272400 0.685652 0.024641 0.034741
1 0.319934 0.222309 0.034053 0.047585
1 0.143406 0.334422 0.044781 0.056032
0 0.721278 0.113226 0.043866 0.031406
0 0.550378 0.714773 0.039131 0.044984
0 0.067603 0.264548 0.052406 0.062280
0 0.458375 0.809066 0.027563 0.047852
0 0.475047 0.134062 0.028688 0.026046
0 0.736203 0.892410 0.029047 0.046962
0 0.388581 0.519836 0.044506 0.044109
0 0.243253 0.547511 0.029775 0.025634
0 0.868456 0.591796 0.035178 0.037718
0 0.231697 0.442059 0.069656 0.059133
0 0.708441 0.230856 0.039116 0.036445
2 0.055556 0.744250 0.028578 0.025530
0 0.558913 0.442427 0.029406 0.035227
0 0.397791 0.464898 0.031500 0.028594
0 0.345347 0.420004 0.024509 0.027445
0 0.084903 0.992589 0.032647 0.014820
1 0.013320 0.338470 0.026641 0.060827
2 0.069034 0.171855 0.018056 0.020227
2 0.064575 0.294140 0.019588 0.028202
3 0.226325 0.675946 0.027444 0.043109
3 0.171781 0.187640 0.016703 0.024171
3 0.119253 0.659973 0.065041 0.029445
3 0.150688 0.645116 0.016938 0.038079
3 0.175800 0.633058 0.018337 0.039335
3 0.275309 0.647997 0.020913 0.024087
0 0.840456 0.442804 0.033744 0.041735
0 0.355563 0.508532 0.023797 0.054579
0 0.274712 0.502016 0.030938 0.035515
2 0.209122 0.635535 0.030619 0.033195
2 0.174275 0.918473 0.032516 0.032102
0 0.688194 0.046555 0.031781 0.035641
0 0.560387 0.593929 0.149947 0.109530