0 0.558378 0.631734 0.034837 0.033345
0 0.440084 0.557343 0.038422 0.029595
0 0.267972 0.802195 0.055056 0.033171
0 0.250144 0.386261 0.040834 0.028805
0 0.005535 0.895691 0.011070 0.026805
0 0.429172 0.305095 0.048797 0.029562
0 0.524922 0.533718 0.055406 0.045469
0 0.595341 0.712312 0.051584 0.056970
1 0.266959 0.968406 0.033016 0.032641
2 0.931797 0.506793 0.037375 0.033101
2 0.807353 0.809652 0.034047 0.034805
0 0.179200 0.722507 0.030538 0.038766
2 0.902656 0.828133 0.031031 0.032187
0 0.326878 0.467699 0.035803 0.049352
0 0.034934 0.431636 0.053072 0.028493
0 0.528328 0.126515 0.036125 0.038923
0 0.991891 0.116641 0.016219 0.039891
0 0.540241 0.950516 0.033031 0.052437
0 0.604078 0.103464 0.049625 0.062508
0 0.312544 0.151605 0.040834 0.035304
0 0.905078 0.112499 0.033891 0.037095
0 0.957778 0.224261 0.040900 0.054258
0 0.749169 0.211523 0.040022 0.056327
0 0.140519 0.488085 0.045306 0.046219
0 0.633372 0.014379 0.028978 0.028758
0 0.765441 0.599852 0.064197 0.031235
0 0.803969 0.710320 0.057406 0.050280
0 0.619313 0.936140 0.032688 0.039265
0 0.818300 0.319593 0.044322 0.035454
0 0.351891 0.572941 0.050656 0.038023
0 0.592428 0.249208 0.036531 0.044712
0 0.664359 0.493333 0.034484 0.038445
0 0.485516 0.095950 0.025422 0.035946
0 0.090481 0.024466 0.070866 0.030945
0 0.204309 0.863999 0.050022 0.035501
0 0.675278 0.753829 0.042100 0.042766
0 0.350575 0.042196 0.085494 0.039405
0 0.727334 0.402449 0.056938 0.029899
0 0.180291 0.931359 0.063234 0.038501
0 0.477359 0.151574 0.036625 0.035946
0 0.375747 0.030665 0.050928 0.044109
0 0.751378 0.019633 0.036194 0.033405
0 0.559172 0.409382 0.052172 0.032187
0 0.793059 0.503411 0.043178 0.032477
0 0.660584 0.839031 0.052062 0.030438
0 0.968806 0.717714 0.035531 0.039462
0 0.576922 0.038798 0.064734 0.037062