0 0.044769 0.390887 0.020959 0.034024
0 0.720887 0.923816 0.036538 0.039790
2 0.419316 0.927953 0.032803 0.035578
2 0.379888 0.983594 0.024444 0.021094
0 0.440850 0.758078 0.025328 0.033673
0 0.982777 0.498559 0.034447 0.025055
0 0.410281 0.309004 0.038516 0.019741
0 0.589422 0.581950 0.048266 0.038852
0 0.189269 0.879566 0.024713 0.023930
4 0.332894 0.788106 0.024525 0.030820
3 0.336316 0.125144 0.027631 0.016383
1 0.634362 0.208387 0.029303 0.032070
2 0.431809 0.132550 0.028850 0.032149
0 0.786794 0.324398 0.041431 0.039328
4 0.799466 0.208180 0.026459 0.026079
0 0.711797 0.310790 0.023422 0.046390
0 0.897097 0.824683 0.038319 0.044414
2 0.986610 0.623085 0.026780 0.025938
2 0.876487 0.720079 0.020853 0.023625
1 0.117872 0.811253 0.029150 0.027757
2 0.192922 0.975691 0.024047 0.031273
1 0.051634 0.743148 0.021609 0.028641
2 0.424953 0.596102 0.023703 0.036000
0 0.501709 0.651836 0.027359 0.031484
0 0.746950 0.729937 0.036087 0.028875
0 0.618737 0.596296 0.037213 0.026937
0 0.526503 0.656137 0.021603 0.049460
0 0.916206 0.811206 0.029131 0.027429
2 0.698669 0.400316 0.027463 0.027509
2 0.403731 0.994160 0.018209 0.011680
0 0.662409 0.309210 0.037991 0.027171
2 0.488334 0.148898 0.035672 0.032016
0 0.817075 0.655211 0.050166 0.025624
0 0.788456 0.835532 0.043600 0.033188
3 0.356338 0.143507 0.026203 0.017407
2 0.493106 0.297231 0.019259 0.026133
2 0.808763 0.856804 0.022100 0.025671
2 0.582031 0.006555 0.032703 0.013110
2 0.921766 0.433176 0.033672 0.025821
2 0.367669 0.502919 0.020741 0.024382
2 0.089516 0.164202 0.024188 0.023890
2 0.513356 0.913914 0.028616 0.024171
2 0.726434 0.424551 0.028600 0.029759
2 0.951028 0.445581 0.028134 0.028179
2 0.922753 0.217616 0.025413 0.027797
2 0.101844 0.785120 0.024984 0.029290
1 0.220609 0.495109 0.021594 0.041906
0 0.922578 0.218172 0.026359 0.029093
0 0.808531 0.856499 0.022719 0.025594
0 0.493072 0.297906 0.021109 0.028875
0 0.328925 0.322680 0.021428 0.024328
0 0.517872 0.608812 0.027334 0.017702
0 0.769488 0.785566 0.036569 0.027914
0 0.435928 0.796457 0.022828 0.033743
0 0.997645 0.052422 0.004711 0.020625
0 0.281891 0.385035 0.033531 0.025507
0 0.283844 0.327820 0.024234 0.029515
0 0.080372 0.466790 0.017444 0.024579
0 0.684816 0.668985 0.026338 0.026250
0 0.984353 0.538040 0.025937 0.038109
0 0.090216 0.165583 0.029616 0.027195
0 0.158325 0.874012 0.024819 0.027727
0 0.062794 0.494507 0.024506 0.029421
0 0.081891 0.375503 0.024016 0.028085
0 0.167169 0.840583 0.025509 0.022852
0 0.984137 0.991468 0.031727 0.017064
0 0.608244 0.098863 0.022391 0.040805
0 0.104097 0.378426 0.020959 0.032665
0 0.092503 0.347976 0.026991 0.024827
0 0.037472 0.582824 0.038416 0.024898
0 0.496575 0.759109 0.031213 0.023655
0 0.274687 0.227073 0.023031 0.020648
0 0.955700 0.545657 0.046572 0.033780
0 0.985648 0.814743 0.028703 0.025547
0 0.127481 0.442879 0.022681 0.042663
0 0.858594 0.035366 0.024344 0.040484
0 0.036659 0.474855 0.022334 0.025915
0 0.829522 0.815859 0.030000 0.022516
0 0.736872 0.119038 0.025447 0.045469
0 0.017527 0.422200 0.035053 0.020039
0 0.670013 0.803741 0.042741 0.032126
0 0.676319 0.288395 0.036516 0.030429
0 0.740872 0.692805 0.022181 0.030609
0 0.131769 0.370368 0.021022 0.028734
0 0.763613 0.911676 0.053666 0.022289
0 0.415225 0.369538 0.031578 0.023672
0 0.346050 0.345138 0.021572 0.024148
0 0.462850 0.783878 0.023625 0.035805