0 0.983850 0.981641 0.031219 0.028266
0 0.697075 0.916042 0.030584 0.032227
0 0.522544 0.253321 0.016038 0.042891
0 0.915488 0.667005 0.019803 0.054790
2 0.035216 0.795079 0.023791 0.024937
2 0.355625 0.725132 0.031656 0.045938
3 0.674269 0.333606 0.021959 0.027415
3 0.684266 0.351180 0.023891 0.021281
3 0.748787 0.268949 0.021328 0.032899
3 0.621313 0.142345 0.037047 0.021281
3 0.575794 0.269903 0.023569 0.048398
0 0.296544 0.153163 0.054569 0.041796
3 0.732859 0.295879 0.034078 0.017384
3 0.854287 0.267789 0.021922 0.040594
3 0.826063 0.014161 0.016078 0.028321
3 0.771450 0.271410 0.016850 0.037212
3 0.765566 0.354231 0.022838 0.034915
3 0.676122 0.382790 0.028072 0.027921
0 0.682103 0.474011 0.022953 0.047960
0 0.815859 0.613075 0.016781 0.034680
0 0.562981 0.480496 0.023884 0.040601
0 0.534862 0.986933 0.028006 0.026134
0 0.358359 0.641155 0.024219 0.028657
0 0.794894 0.120304 0.023319 0.021298
0 0.500047 0.740106 0.021266 0.038163
0 0.279009 0.991946 0.017750 0.016109
3 0.890528 0.140852 0.014494 0.018579
3 0.923200 0.139532 0.019728 0.021954
0 0.652631 0.575259 0.029891 0.034406
0 0.935159 0.649333 0.019697 0.034507
0 0.365047 0.854859 0.021469 0.044548
0 0.799800 0.635692 0.033478 0.027445
0 0.975172 0.612473 0.019516 0.034118
0 0.505191 0.511879 0.023334 0.031976
0 0.351850 0.806688 0.018844 0.036016
0 0.505266 0.629191 0.038000 0.042539
0 0.780653 0.462355 0.026959 0.024570
0 0.368438 0.790159 0.021406 0.050180
0 0.984862 0.488962 0.030275 0.026173
0 0.438047 0.085942 0.080141 0.037008
0 0.985144 0.467191 0.023916 0.023461
0 0.519841 0.746460 0.045991 0.060469
0 0.788606 0.086411 0.030353 0.018445
0 0.821513 0.111618 0.021119 0.040500
0 0.256491 0.993340 0.021859 0.013320
0 0.988554 0.587699 0.022892 0.017930
0 0.636131 0.208040 0.027453 0.045000
0 0.652047 0.791008 0.029969 0.033532
0 0.956569 0.474222 0.021391 0.030382
0 0.035278 0.795149 0.024603 0.025095
0 0.775725 0.602050 0.020125 0.023367
0 0.991462 0.040926 0.017077 0.042539
0 0.863200 0.498583 0.029369 0.018961
0 0.444559 0.013746 0.035350 0.027493
0 0.597141 0.800765 0.012969 0.033281
0 0.969150 0.559281 0.019625 0.024218
0 0.811859 0.844007 0.026922 0.022423
0 0.368441 0.612573 0.050991 0.025179
0 0.611472 0.598152 0.023416 0.024023
0 0.944609 0.589945 0.022031 0.021265
0 0.986707 0.773840 0.026586 0.028071
3 0.658438 0.318384 0.019062 0.033171
3 0.553638 0.244558 0.020072 0.043648