0 0.119125 0.094294 0.036688 0.026133
0 0.688262 0.035855 0.036978 0.040727
0 0.734425 0.817898 0.049806 0.023719
0 0.571381 0.990105 0.042797 0.019587
2 0.102019 0.115226 0.023694 0.025704
2 0.875172 0.814816 0.032875 0.032712
2 0.258219 0.201673 0.042672 0.043312
1 0.042250 0.153504 0.046844 0.053930
0 0.772941 0.480129 0.040213 0.033070
0 0.804797 0.538434 0.051031 0.055774
0 0.549059 0.705075 0.063134 0.042180
0 0.339672 0.027152 0.057234 0.048087
0 0.419419 0.222832 0.029913 0.058945
0 0.920625 0.137243 0.036156 0.037235
2 0.186737 0.267368 0.041822 0.033656
2 0.640956 0.790542 0.026369 0.031727
2 0.224384 0.815175 0.031109 0.031664
2 0.353137 0.908309 0.036072 0.037664
2 0.739809 0.285441 0.027041 0.030867
2 0.802272 0.044243 0.031578 0.056782
0 0.710878 0.294293 0.028947 0.033961
0 0.972320 0.125831 0.055359 0.085992
0 0.792716 0.674234 0.043322 0.056140
0 0.980028 0.511519 0.024897 0.042790
0 0.506363 0.639253 0.051803 0.026571
0 0.673272 0.546450 0.049078 0.068367
0 0.702900 0.447860 0.047203 0.043406
0 0.577966 0.205688 0.030462 0.054766
0 0.972322 0.829001 0.024828 0.040423
0 0.685997 0.209625 0.037803 0.047984
0 0.414069 0.726000 0.069312 0.026079
0 0.898125 0.301605 0.058781 0.032367
0 0.353403 0.811610 0.064837 0.035766
0 0.029112 0.499477 0.058225 0.032688
0 0.930803 0.399996 0.033937 0.039616
0 0.891050 0.711487 0.046056 0.046915
0 0.340187 0.362227 0.058188 0.039626
0 0.148325 0.197152 0.033975 0.058165
0 0.554469 0.937418 0.026953 0.037805
0 0.528569 0.970657 0.036656 0.030016
0 0.450034 0.957616 0.030866 0.038749
0 0.378391 0.464320 0.040562 0.049999
0 0.657675 0.267288 0.031459 0.054593
0 0.324031 0.665571 0.045906 0.046423
0 0.470306 0.317454 0.027219 0.037734
0 0.913984 0.511746 0.037766 0.049132
0 0.611959 0.603251 0.059172 0.057063
0 0.778175 0.870075 0.031541 0.032899
0 0.738009 0.846352 0.040734 0.020297
0 0.859616 0.490195 0.035109 0.094078
0 0.702769 0.747743 0.035662 0.035702
0 0.738872 0.881972 0.031603 0.039040
0 0.850541 0.962327 0.030797 0.041220
0 0.546859 0.400324 0.061375 0.043383
0 0.388781 0.210609 0.035719 0.033609
0 0.072391 0.020067 0.050828 0.039227
0 0.057275 0.702230 0.032703 0.034695
0 0.145128 0.627778 0.050319 0.032712
0 0.566272 0.965820 0.045281 0.021891
0 0.771453 0.438246 0.033219 0.033492
0 0.995719 0.192066 0.008563 0.064165
0 0.229188 0.933734 0.037641 0.031563
0 0.510531 0.134719 0.050813 0.063251
0 0.338456 0.114628 0.026087 0.053149
0 0.622781 0.559762 0.042250 0.037352
0 0.520897 0.120938 0.035234 0.045827
0 0.537934 0.483281 0.035431 0.046905
0 0.864847 0.223289 0.046306 0.028859
0 0.380231 0.592605 0.055931 0.042321
0 0.250378 0.588206 0.104116 0.103788
0 0.683503 0.495040 0.066272 0.040359
0 0.462025 0.485414 0.055172 0.026203
0 0.639831 0.101543 0.060088 0.050679