0 0.531134 0.252598 0.050844 0.044805
0 0.569572 0.444844 0.024297 0.062344
0 0.131753 0.112516 0.047900 0.063780
3 0.065753 0.873813 0.026213 0.027860
0 0.715378 0.428573 0.025337 0.041836
0 0.708094 0.458735 0.021156 0.033405
0 0.593216 0.453656 0.027991 0.054405
0 0.494391 0.854114 0.028781 0.040852
0 0.527794 0.394277 0.037463 0.069757
0 0.174753 0.810328 0.034119 0.042234
0 0.285628 0.583746 0.052069 0.036555
0 0.171781 0.519239 0.036031 0.062538
0 0.460575 0.965386 0.031775 0.048961
0 0.140856 0.941512 0.059416 0.065712
0 0.130909 0.432710 0.061244 0.032016
0 0.761034 0.858511 0.057116 0.044304
0 0.331713 0.982570 0.032828 0.034860
0 0.345169 0.049305 0.031459 0.045157
0 0.686547 0.119391 0.059234 0.031530
0 0.138809 0.684886 0.046119 0.059712
0 0.788209 0.307957 0.033375 0.051054
0 0.227978 0.763617 0.064438 0.048485
0 0.204969 0.604859 0.046969 0.052922
0 0.636972 0.322723 0.033272 0.069914
0 0.007573 0.575895 0.015147 0.044899
0 0.921969 0.178641 0.051031 0.050641
0 0.972344 0.978919 0.046875 0.032351
0 0.592719 0.231450 0.058078 0.050679
0 0.958747 0.254747 0.031881 0.040507
0 0.620703 0.019598 0.045063 0.039195
0 0.021266 0.101384 0.036906 0.044156
0 0.219131 0.057023 0.047563 0.056220
0 0.469641 0.050454 0.036437 0.035906
0 0.145094 0.361296 0.044125 0.087516
0 0.249831 0.016922 0.036713 0.033844
0 0.990609 0.336253 0.018781 0.031212
0 0.678588 0.473562 0.024844 0.030907
0 0.072522 0.546410 0.033297 0.063804
0 0.414834 0.837293 0.047281 0.021040
0 0.021841 0.977887 0.033413 0.044226
0 0.053734 0.299984 0.053469 0.046172
0 0.335916 0.877036 0.076250 0.035852
0 0.233694 0.013669 0.031656 0.027335
0 0.244191 0.767759 0.031009 0.049437
3 0.142988 0.890325 0.042053 0.028774
0 0.130881 0.059695 0.034812 0.036516