0 0.522013 0.014290 0.047694 0.025985
0 0.120562 0.089895 0.026437 0.044351
2 0.194572 0.524027 0.022109 0.031352
0 0.401125 0.075827 0.031813 0.041313
0 0.462903 0.038993 0.037181 0.042609
0 0.102047 0.411710 0.027125 0.033579
0 0.030244 0.217910 0.020500 0.034680
0 0.031175 0.531422 0.031400 0.046406
0 0.206594 0.481390 0.042250 0.026093
0 0.058906 0.223188 0.028297 0.042187
3 0.210681 0.600602 0.029937 0.030532
2 0.262831 0.025718 0.024444 0.033546
0 0.444547 0.021499 0.028344 0.033094
0 0.144447 0.081359 0.019484 0.046734
0 0.022559 0.182590 0.041272 0.014648
0 0.014613 0.390579 0.029227 0.022423
0 0.006184 0.419548 0.012369 0.027157
0 0.511116 0.080766 0.025062 0.030703
0 0.089669 0.598973 0.030947 0.017430
0 0.347966 0.072164 0.039197 0.024593
0 0.036937 0.411914 0.019375 0.026220
0 0.187841 0.019320 0.025978 0.038609
0 0.115034 0.360926 0.047744 0.033288
0 0.095137 0.500573 0.033475 0.025680
2 0.223031 0.539524 0.028625 0.023140
0 0.449381 0.103437 0.035281 0.054562
0 0.404394 0.108398 0.023397 0.027734
0 0.132075 0.617109 0.030400 0.051516
2 0.010042 0.051516 0.020084 0.033532
0 0.107863 0.141710 0.023384 0.056079
0 0.336616 0.021840 0.032906 0.043679
0 0.245819 0.008824 0.041547 0.017648