0 0.611453 0.053702 0.040453 0.053313
0 0.551562 0.987640 0.052922 0.024720
0 0.015426 0.543462 0.030852 0.042000
0 0.122494 0.682980 0.041391 0.035304
0 0.436666 0.277296 0.061062 0.043798
0 0.247775 0.369469 0.032750 0.027265
0 0.757956 0.952289 0.046178 0.029749
0 0.922466 0.533730 0.058413 0.030961
0 0.072788 0.767808 0.046297 0.043413
0 0.367753 0.224398 0.032509 0.054000
0 0.938156 0.826577 0.057359 0.032515
0 0.378816 0.110039 0.045759 0.044766
0 0.472466 0.168164 0.039288 0.059484
0 0.373197 0.045117 0.040328 0.017266
0 0.304169 0.023168 0.035291 0.046336
2 0.981434 0.323489 0.036463 0.040523
2 0.928572 0.657731 0.051203 0.037320
1 0.234078 0.461911 0.038078 0.034835
2 0.851934 0.591504 0.034416 0.033898
0 0.073534 0.862341 0.032916 0.032304
2 0.191669 0.579040 0.037244 0.049109
3 0.455972 0.133859 0.022244 0.014595
2 0.231578 0.113578 0.024328 0.033780
0 0.533684 0.343282 0.063119 0.049859
0 0.707947 0.072274 0.041187 0.061828
0 0.970531 0.048778 0.058938 0.097554
0 0.187863 0.295676 0.048694 0.051195
0 0.179547 0.735089 0.067672 0.038384
0 0.804738 0.027012 0.055288 0.033539
0 0.295825 0.825945 0.052728 0.031359
0 0.339284 0.138063 0.026322 0.050970
0 0.897147 0.363930 0.043906 0.046641
0 0.315766 0.058962 0.058375 0.026735
3 0.613559 0.959044 0.016900 0.016680