0 0.843559 0.025750 0.026147 0.051501
0 0.875216 0.939456 0.026162 0.059820
0 0.445291 0.430370 0.035031 0.052024
0 0.934300 0.278359 0.035900 0.041688
0 0.590316 0.181347 0.038431 0.075649
0 0.915184 0.014664 0.029478 0.029328
0 0.112031 0.149470 0.046625 0.044578
0 0.992774 0.150524 0.014452 0.043235
0 0.686966 0.493405 0.033241 0.053079
0 0.901034 0.844157 0.025256 0.050374
0 0.487587 0.630618 0.042219 0.046812
0 0.985547 0.681754 0.028906 0.051586
0 0.613050 0.294039 0.037431 0.018656
0 0.984805 0.734120 0.030391 0.035773
0 0.198297 0.144032 0.044031 0.041531
0 0.994836 0.107598 0.010328 0.034882
0 0.324825 0.248880 0.048338 0.022024
0 0.870422 0.098751 0.023891 0.057766
0 0.445766 0.288700 0.062000 0.032805
0 0.010644 0.977277 0.021288 0.036462
0 0.970003 0.072766 0.029022 0.027609
0 0.444769 0.967023 0.037756 0.039281
0 0.121794 0.224148 0.039900 0.032641
0 0.733531 0.886206 0.044531 0.033429
0 0.772537 0.970387 0.054625 0.057930
0 0.943559 0.005051 0.026913 0.010102
0 0.272937 0.485730 0.034688 0.029555
0 0.664647 0.398788 0.085469 0.069452
0 0.791069 0.291320 0.062453 0.067765
0 0.746738 0.958797 0.046822 0.081703
0 0.380372 0.625352 0.026084 0.042375
0 0.941219 0.753759 0.050937 0.050923
0 0.740719 0.348152 0.032047 0.029290
0 0.217991 0.246578 0.025328 0.023953
0 0.040234 0.812863 0.047219 0.036117
0 0.172950 0.617863 0.037181 0.024305
0 0.751656 0.847605 0.021594 0.031477
0 0.553059 0.409040 0.049506 0.047970
0 0.990750 0.063937 0.018500 0.046922
0 0.071856 0.642009 0.043291 0.033298
0 0.736025 0.987746 0.029906 0.024507
0 0.150394 0.048273 0.041834 0.034031
2 0.352241 0.322323 0.022734 0.022148
3 0.925481 0.182001 0.041209 0.043845
3 0.717488 0.030808 0.032025 0.030898
3 0.707594 0.069597 0.022109 0.030368
3 0.498191 0.101859 0.014166 0.018609
3 0.870481 0.098894 0.021228 0.057007
3 0.890375 0.071671 0.018516 0.014203
3 0.760862 0.153372 0.053006 0.021790
2 0.776678 0.436673 0.026141 0.031095
2 0.613141 0.405128 0.022000 0.018415
2 0.679250 0.702409 0.024938 0.027476
0 0.384512 0.159372 0.026759 0.024054
3 0.515856 0.301645 0.021288 0.020602
0 0.773356 0.123702 0.034225 0.040109
0 0.009394 0.285070 0.018787 0.057626
0 0.492097 0.231058 0.044947 0.047070
2 0.576672 0.441250 0.022609 0.023578
0 0.239359 0.286832 0.034250 0.030696
3 0.970281 0.229152 0.027375 0.024509
3 0.946253 0.214356 0.035322 0.028008
3 0.868425 0.181731 0.046475 0.026414
3 0.859194 0.277218 0.019094 0.023234
0 0.553475 0.462864 0.024734 0.023133
0 0.894050 0.624566 0.033462 0.024727
0 0.782000 0.944727 0.036250 0.057298