0 0.138406 0.217328 0.026063 0.028969
0 0.436797 0.725406 0.027000 0.040828
0 0.473031 0.817134 0.038547 0.059829
0 0.432175 0.116130 0.045025 0.067898
0 0.352394 0.578985 0.025803 0.030204
0 0.209316 0.056530 0.033713 0.013062
0 0.406259 0.422331 0.064875 0.031024
0 0.579197 0.978210 0.024469 0.036516
2 0.338044 0.142539 0.022853 0.034048
2 0.796481 0.020242 0.055069 0.040484
2 0.167231 0.927550 0.027194 0.042352
2 0.549216 0.755015 0.021884 0.019202
3 0.507494 0.892961 0.062219 0.032984
3 0.535669 0.650106 0.022322 0.021663
3 0.580681 0.599448 0.024047 0.017367
3 0.923025 0.104336 0.017703 0.035437
3 0.076822 0.407364 0.039391 0.041477
3 0.952019 0.697129 0.012509 0.012977
3 0.177434 0.571206 0.030853 0.039884
3 0.146534 0.571382 0.031850 0.055266
3 0.249609 0.475956 0.069750 0.037024
3 0.447003 0.799555 0.028334 0.030626
3 0.464859 0.118333 0.026625 0.018007
3 0.402756 0.421387 0.058641 0.029384
3 0.067663 0.388602 0.038172 0.021673
3 0.986547 0.615953 0.026906 0.030345
0 0.925119 0.718028 0.041578 0.042007
0 0.954453 0.581570 0.052688 0.025015
0 0.757019 0.295000 0.034584 0.036187
2 0.951916 0.292323 0.049922 0.032149
3 0.293684 0.843831 0.036944 0.045961
0 0.951522 0.236118 0.033828 0.046141
3 0.366013 0.831262 0.036103 0.073242
0 0.918331 0.624782 0.047759 0.027687
2 0.736166 0.664640 0.033578 0.026501
2 0.360981 0.911008 0.026959 0.030546
3 0.940325 0.202422 0.031900 0.040938
3 0.531394 0.964039 0.044553 0.071921
3 0.517694 0.708313 0.034297 0.049751
2 0.566534 0.898949 0.025084 0.037695
0 0.924950 0.748991 0.031447 0.026344
0 0.296625 0.625169 0.044750 0.036148
3 0.292253 0.317676 0.046463 0.046835
3 0.351328 0.337933 0.037172 0.031648
3 0.304913 0.260294 0.031266 0.024898
3 0.193153 0.897058 0.029147 0.022055
0 0.186234 0.856675 0.041484 0.036288
0 0.949200 0.105004 0.035897 0.053133
2 0.200228 0.025129 0.095922 0.050257
3 0.850578 0.051484 0.039813 0.028969
0 0.587975 0.732555 0.044547 0.056297
0 0.588744 0.844703 0.034859 0.059109
0 0.522544 0.113336 0.062256 0.028125
0 0.915488 0.657290 0.047241 0.051673
0 0.249600 0.474208 0.069297 0.034477
0 0.685706 0.978508 0.060712 0.034001
0 0.743872 0.346218 0.052678 0.036827
0 0.439350 0.528489 0.042578 0.048523
0 0.965237 0.012551 0.058788 0.025102
0 0.726769 0.735759 0.033713 0.039391
0 0.706687 0.299941 0.040109 0.028634
0 0.608644 0.282501 0.058369 0.044766
0 0.478109 0.418511 0.042797 0.058634
0 0.333762 0.621344 0.056994 0.022547
0 0.171441 0.561313 0.084631 0.075469
0 0.530531 0.004039 0.027062 0.008078
0 0.843741 0.562265 0.034359 0.038438
0 0.032678 0.290903 0.028828 0.032102
0 0.859756 0.155296 0.029672 0.031376
0 0.383522 0.457884 0.057844 0.022624
0 0.156162 0.478370 0.040109 0.043038
0 0.503209 0.402609 0.030937 0.074280
0 0.372031 0.519250 0.038203 0.070765
0 0.562597 0.526731 0.032728 0.041960
0 0.096463 0.012980 0.058875 0.025961
0 0.342669 0.687695 0.051228 0.020515
0 0.349519 0.707973 0.053150 0.024195
0 0.465769 0.338566 0.037131 0.030570
0 0.797275 0.356997 0.034844 0.025727
0 0.589503 0.006672 0.032506 0.013343
0 0.549391 0.792536 0.038719 0.031788
0 0.555184 0.094077 0.053775 0.025500