1 0.942987 0.806113 0.035772 0.030054
1 0.519731 0.362781 0.030619 0.027968
1 0.384391 0.530160 0.036156 0.034976
1 0.401844 0.288993 0.030625 0.039265
1 0.433488 0.513538 0.028838 0.043296
1 0.401013 0.426566 0.025319 0.046852
1 0.301238 0.499523 0.041131 0.026187
1 0.957906 0.483559 0.031281 0.028352
1 0.171819 0.146484 0.034016 0.034845
1 0.350266 0.569305 0.032250 0.054345
1 0.386919 0.569523 0.035428 0.028938
1 0.354434 0.437484 0.046725 0.036265
1 0.229403 0.013269 0.032787 0.026539
1 0.399666 0.642508 0.046125 0.039891
1 0.539875 0.603573 0.038641 0.029009
1 0.124300 0.016738 0.025306 0.033476
1 0.342672 0.613785 0.035219 0.025085
1 0.422769 0.400809 0.036337 0.027070
1 0.339294 0.374833 0.046259 0.027321
1 0.744119 0.674277 0.033094 0.034882
1 0.658706 0.539563 0.041209 0.024345
1 0.430181 0.593132 0.031094 0.047407
1 0.481191 0.478087 0.029209 0.051640
0 0.959878 0.750695 0.070038 0.030579
1 0.666156 0.603468 0.031391 0.026156