0 0.638672 0.029813 0.035734 0.022376
0 0.829588 0.772383 0.025641 0.023859
0 0.762281 0.996328 0.047406 0.007345
0 0.715281 0.639605 0.032344 0.038477
0 0.621878 0.525117 0.026728 0.031437
0 0.650125 0.746688 0.046297 0.042750
0 0.686341 0.471101 0.047384 0.029173
0 0.930341 0.652313 0.029022 0.035203
0 0.337744 0.024087 0.027359 0.048171
0 0.520422 0.094741 0.052187 0.041766
0 0.794606 0.792832 0.082303 0.038679
0 0.932169 0.614105 0.026291 0.029055
0 0.717397 0.958036 0.056297 0.017679
0 0.585481 0.505188 0.042819 0.033016
1 0.687456 0.917280 0.023303 0.019952
0 0.786481 0.855398 0.038116 0.027954
0 0.707150 0.604055 0.021641 0.029702
2 0.611409 0.166329 0.027663 0.029876
0 0.692578 0.815445 0.049016 0.036157
0 0.538503 0.610371 0.034991 0.051321
0 0.682394 0.053257 0.030834 0.039780
0 0.606909 0.705832 0.054384 0.030820
0 0.602216 0.625097 0.029431 0.044491
0 0.821094 0.564187 0.030766 0.055828
0 0.717219 0.721071 0.049344 0.032890
0 0.365603 0.574500 0.052750 0.026187
0 0.902938 0.596538 0.038109 0.041079
0 0.164528 0.488841 0.025838 0.042884
0 0.865494 0.714094 0.058250 0.025594
0 0.639403 0.097798 0.043959 0.022470
0 0.827119 0.830585 0.028656 0.020220
3 0.557934 0.012171 0.019209 0.024030
1 0.698925 0.937718 0.026634 0.020548
0 0.780609 0.887175 0.036750 0.025617
0 0.881962 0.912790 0.032297 0.030077