0 0.843559 0.567852 0.026147 0.054797
0 0.854106 0.474836 0.027900 0.035843
0 0.445291 0.974054 0.035031 0.051892
0 0.826337 0.114977 0.032891 0.041407
0 0.336013 0.020520 0.035053 0.041039
0 0.934300 0.822109 0.035900 0.041688
0 0.752281 0.163340 0.038719 0.025493
0 0.590316 0.725097 0.038431 0.075649
0 0.813134 0.213337 0.033687 0.034219
0 0.392828 0.454874 0.053016 0.022202
0 0.915184 0.553405 0.029478 0.039345
0 0.112031 0.693220 0.046625 0.044578
0 0.960681 0.050624 0.031266 0.044859
0 0.992774 0.694274 0.014452 0.043235
0 0.534959 0.230230 0.039500 0.044571
0 0.613050 0.837789 0.037431 0.018656
0 0.834016 0.143898 0.058375 0.022922
0 0.454537 0.361019 0.025328 0.022868
0 0.550831 0.470395 0.037494 0.023163
0 0.881247 0.218711 0.032087 0.023391
0 0.198297 0.687782 0.044031 0.041531
0 0.994836 0.651348 0.010328 0.034882
0 0.324825 0.792630 0.048338 0.022024
0 0.628447 0.244159 0.049656 0.045040
0 0.870422 0.642501 0.023891 0.057766
0 0.445766 0.832450 0.062000 0.032805
0 0.421719 0.286755 0.029375 0.039258
0 0.970003 0.616516 0.029022 0.027609
0 0.214097 0.240653 0.039197 0.040446
0 0.121794 0.767898 0.039900 0.032641
0 0.943559 0.536863 0.026913 0.033977
0 0.839781 0.336070 0.021969 0.051030
0 0.496372 0.482669 0.038009 0.019008
0 0.182309 0.465454 0.033506 0.020234
0 0.664647 0.942538 0.085469 0.069452
0 0.791069 0.835070 0.062453 0.067765
0 0.080519 0.282203 0.039994 0.040296
0 0.171738 0.495878 0.040506 0.030227
0 0.016770 0.026898 0.033541 0.044250
0 0.547109 0.389758 0.032984 0.025249
0 0.814225 0.285578 0.024500 0.035093
0 0.976922 0.383488 0.024078 0.037102
0 0.480762 0.340755 0.035259 0.032632
0 0.740719 0.891902 0.032047 0.029290
0 0.217991 0.790328 0.025328 0.023953
0 0.620881 0.350106 0.023016 0.031383
0 0.553059 0.952790 0.049506 0.047970
0 0.990750 0.607687 0.018500 0.046922
0 0.340938 0.383671 0.036953 0.037845
0 0.150394 0.592023 0.041834 0.034031
2 0.352241 0.866073 0.022734 0.022148
3 0.925481 0.725751 0.041209 0.043845
3 0.717488 0.574558 0.032025 0.030898
3 0.686075 0.518495 0.033069 0.041491
3 0.707594 0.613347 0.022109 0.030368
3 0.741612 0.523030 0.023228 0.021827
3 0.498191 0.645609 0.014166 0.018609
3 0.870481 0.642644 0.021228 0.057007
3 0.976513 0.385422 0.021166 0.031859
3 0.890375 0.615421 0.018516 0.014203
0 0.605766 0.431195 0.031375 0.031296
3 0.760862 0.697122 0.053006 0.021790
3 0.666447 0.430323 0.021328 0.017477
2 0.776678 0.980423 0.026141 0.031095
2 0.613141 0.948878 0.022000 0.018415
1 0.012270 0.506059 0.024539 0.026461
0 0.384512 0.703122 0.026759 0.024054
3 0.515856 0.845395 0.021288 0.020602
0 0.773356 0.667452 0.034225 0.040109
0 0.365347 0.015273 0.031338 0.030546
0 0.009394 0.828820 0.018787 0.057626
0 0.492097 0.774808 0.044947 0.047070
0 0.372294 0.071952 0.037913 0.028905
2 0.576672 0.985000 0.022609 0.023578
0 0.061763 0.516719 0.051494 0.039720
0 0.239359 0.830582 0.034250 0.030696
3 0.970281 0.772902 0.027375 0.024509
3 0.946253 0.758106 0.035322 0.028008
3 0.868425 0.725481 0.046475 0.026414
3 0.859194 0.820968 0.019094 0.023234
0 0.553475 0.997524 0.024734 0.004952
0 0.985919 0.500617 0.025119 0.029063
0 0.582647 0.311441 0.025750 0.037882
0 0.500500 0.437481 0.058094 0.031648
3 0.687778 0.438501 0.035228 0.024874
0 0.029763 0.426245 0.028741 0.041257