0 0.611103 0.046492 0.052266 0.029234
0 0.605466 0.117759 0.051569 0.023641
0 0.228253 0.523574 0.030616 0.050648
0 0.491894 0.274298 0.034006 0.044234
0 0.967484 0.414543 0.028484 0.041508
0 0.866006 0.394492 0.047922 0.034235
0 0.791612 0.609890 0.051678 0.026360
0 0.073184 0.123655 0.059681 0.040031
0 0.987781 0.282749 0.024437 0.031734
0 0.977050 0.607023 0.034072 0.061798
0 0.537422 0.069923 0.050156 0.024030
0 0.787341 0.504121 0.052931 0.035384
0 0.923753 0.620120 0.053213 0.034835
0 0.677975 0.275402 0.043172 0.038852
0 0.981946 0.408841 0.036108 0.066790
0 0.618316 0.363958 0.034475 0.032571
0 0.721488 0.020645 0.024728 0.024054
0 0.817559 0.468032 0.049681 0.032156
0 0.887028 0.516691 0.015338 0.028102
0 0.987094 0.430059 0.020672 0.024602
0 0.801069 0.335352 0.023797 0.027891
3 0.743247 0.376516 0.036741 0.016828