0 0.889128 0.031426 0.030541 0.062852
0 0.349972 0.354215 0.032350 0.045914
0 0.081966 0.097637 0.137366 0.062618
0 0.619703 0.495559 0.050500 0.047320
3 0.551409 0.135536 0.037650 0.014039
3 0.753972 0.538028 0.031713 0.020273
0 0.088672 0.301066 0.026547 0.062304
0 0.754213 0.418352 0.030359 0.054687
0 0.472941 0.956488 0.033587 0.068712
0 0.478300 0.785390 0.039494 0.051874
0 0.979612 0.250476 0.039491 0.030546
0 0.650338 0.291133 0.034141 0.039234
0 0.924262 0.464570 0.050916 0.037423
0 0.884384 0.171414 0.049641 0.035407
0 0.552419 0.410177 0.036744 0.035648
0 0.130012 0.796241 0.035338 0.045984
0 0.171350 0.452554 0.038781 0.049594
0 0.196822 0.508991 0.052719 0.031845
0 0.328441 0.487633 0.046572 0.040109
3 0.771537 0.766206 0.028750 0.034352
3 0.972375 0.702543 0.032344 0.025289
0 0.733509 0.090817 0.029891 0.038726
0 0.744428 0.476308 0.043594 0.039398
0 0.551628 0.638706 0.034787 0.046741
0 0.895016 0.509535 0.029312 0.031383
0 0.992223 0.780665 0.015555 0.035796
2 0.975513 0.949422 0.048975 0.060703
0 0.128859 0.064968 0.037594 0.024938
2 0.702122 0.710413 0.024291 0.035093
0 0.832856 0.706316 0.039166 0.042837
0 0.949825 0.874762 0.036538 0.045710
0 0.297500 0.045742 0.026828 0.036218
0 0.288950 0.851120 0.038959 0.049085
0 0.608513 0.827500 0.035978 0.040235
0 0.426984 0.571968 0.035922 0.041079
0 0.808831 0.753191 0.028131 0.022648
0 0.714791 0.207055 0.036016 0.026079
0 0.706644 0.812718 0.045119 0.052828
0 0.488091 0.222789 0.026213 0.039813
0 0.901963 0.825220 0.065406 0.053749
0 0.300294 0.490780 0.041131 0.041578
0 0.068456 0.591796 0.035178 0.037718
0 0.369081 0.358253 0.043416 0.046165
0 0.624209 0.528070 0.043922 0.024703
0 0.578044 0.709368 0.048491 0.033157
0 0.700216 0.544469 0.050041 0.040453
0 0.363862 0.995507 0.029944 0.008984
2 0.846734 0.856012 0.024250 0.027023
2 0.757269 0.233812 0.037947 0.023374
2 0.703975 0.548219 0.032250 0.031500
2 0.872666 0.873449 0.017625 0.040383
2 0.389106 0.767512 0.030009 0.031727
2 0.602097 0.066906 0.039803 0.033780
2 0.872047 0.606531 0.036344 0.027141
2 0.744425 0.475954 0.041538 0.036047
3 0.627131 0.382816 0.020609 0.016289
3 0.658266 0.426890 0.024719 0.028500
3 0.987640 0.176973 0.024720 0.025634
3 0.943984 0.263917 0.018766 0.020946
3 0.913578 0.110828 0.030000 0.027188
3 0.944497 0.323036 0.019037 0.021321
3 0.983453 0.633149 0.033094 0.022312
3 0.996996 0.664516 0.006008 0.024844
3 0.622719 0.236809 0.035906 0.030539
0 0.040456 0.442804 0.033744 0.041735
0 0.351672 0.227847 0.043328 0.045274
0 0.717100 0.372578 0.052406 0.038109
0 0.554969 0.261660 0.032141 0.032290
0 0.951744 0.391626 0.053047 0.022624