0 0.281606 0.737816 0.037522 0.036054
0 0.218362 0.445511 0.028741 0.024368
0 0.186822 0.360536 0.026766 0.021134
0 0.190188 0.841122 0.036328 0.054945
0 0.263594 0.586398 0.030328 0.032531
0 0.179656 0.321473 0.027594 0.020367
0 0.063312 0.816034 0.031172 0.024663
0 0.245159 0.099133 0.028275 0.027734
0 0.112984 0.114250 0.032828 0.032672
0 0.157547 0.641320 0.039313 0.032796
1 0.288547 0.078344 0.021562 0.030281
0 0.242300 0.005352 0.025866 0.010703
1 0.277853 0.110852 0.020281 0.021110
1 0.387659 0.364323 0.031631 0.038852
2 0.146528 0.702320 0.028725 0.024766
0 0.183591 0.544363 0.026506 0.027820
1 0.210728 0.061820 0.016672 0.019641
2 0.566325 0.546913 0.032506 0.027422
0 0.341972 0.688370 0.034072 0.029133
0 0.373622 0.636906 0.029647 0.040547
0 0.991960 0.834571 0.016080 0.046905
1 0.004914 0.272512 0.009828 0.025242
0 0.152175 0.418403 0.033197 0.035820
0 0.320281 0.669456 0.032563 0.042476
0 0.249247 0.315316 0.039587 0.027007
0 0.094800 0.769544 0.024459 0.042884
0 0.232513 0.750426 0.032303 0.033462
4 0.476231 0.771454 0.022522 0.027813
4 0.003321 0.634316 0.006642 0.017055