0 0.830172 0.024504 0.027156 0.049008
0 0.298866 0.789919 0.068703 0.032899
0 0.129903 0.598969 0.032228 0.049188
0 0.282138 0.902501 0.048041 0.057579
0 0.281422 0.287566 0.053000 0.029571
0 0.905175 0.412048 0.059319 0.058155
0 0.392109 0.059426 0.029125 0.037758
0 0.281753 0.593895 0.061100 0.029163
0 0.030959 0.072511 0.053812 0.053055
0 0.861622 0.178207 0.038822 0.056491
0 0.223247 0.729497 0.042541 0.030227
0 0.337241 0.146402 0.040875 0.047524
0 0.217556 0.492825 0.043266 0.058085
0 0.728297 0.070816 0.041844 0.058259
0 0.550528 0.266895 0.062697 0.038023
0 0.714956 0.270429 0.043509 0.046516
0 0.602469 0.983609 0.040547 0.032781
0 0.261794 0.161363 0.054806 0.030023
0 0.957103 0.049941 0.034844 0.032116
0 0.866159 0.410960 0.031694 0.051359
0 0.617819 0.486281 0.038563 0.050079
0 0.167081 0.836637 0.036366 0.025399
0 0.350981 0.996449 0.079275 0.007102
0 0.347481 0.237558 0.048147 0.037805
0 0.102659 0.477422 0.034397 0.038016
0 0.275831 0.514636 0.039272 0.033663
0 0.859688 0.624563 0.035906 0.042579
0 0.746069 0.645879 0.059047 0.031507
0 0.201022 0.136317 0.041953 0.054352
0 0.456637 0.092630 0.067494 0.065384
0 0.635822 0.358015 0.031047 0.047173
0 0.940225 0.624328 0.032844 0.026484
0 0.283003 0.963176 0.039619 0.022805
0 0.155859 0.224102 0.031063 0.030750
0 0.430172 0.906727 0.048109 0.069438
0 0.819537 0.760352 0.038000 0.067437
0 0.809278 0.826898 0.048525 0.044250
0 0.980963 0.611344 0.025688 0.021422
0 0.882278 0.487716 0.037291 0.040366
0 0.613281 0.156394 0.037859 0.025195
0 0.933172 0.006598 0.036938 0.013179
0 0.464113 0.768005 0.028100 0.039633
0 0.369203 0.984621 0.078172 0.030759
2 0.747228 0.801750 0.039766 0.023782
3 0.778222 0.921445 0.037994 0.027984
3 0.562941 0.790109 0.034928 0.044126
3 0.652825 0.943066 0.043525 0.053836
3 0.572656 0.732122 0.029797 0.019882
3 0.143803 0.515770 0.025734 0.019540
3 0.844391 0.343547 0.042547 0.034312
3 0.755534 0.316259 0.047616 0.018827
3 0.779925 0.422032 0.035850 0.038859
0 0.702200 0.145066 0.025131 0.027586
3 0.664744 0.413102 0.023766 0.036234
2 0.399097 0.332175 0.021275 0.023337
1 0.473084 0.956890 0.031625 0.067188
3 0.384437 0.857449 0.050125 0.017555
2 0.944543 0.197102 0.110914 0.079343
0 0.510125 0.849680 0.071609 0.053360
0 0.788731 0.017489 0.024428 0.031554
2 0.443322 0.294755 0.106016 0.064507
0 0.719519 0.859423 0.050759 0.052905
0 0.115566 0.517155 0.057228 0.029829
2 0.573303 0.877305 0.028844 0.029702
0 0.727859 0.137548 0.018844 0.025530
2 0.806847 0.246839 0.037681 0.041618
0 0.713638 0.558335 0.048366 0.028390
0 0.537109 0.908367 0.036453 0.033874
2 0.624972 0.713590 0.046913 0.025383
0 0.338216 0.849523 0.040100 0.032937