0 0.479800 0.543473 0.021853 0.033539
0 0.844769 0.390887 0.020959 0.034024
0 0.354613 0.696559 0.023381 0.034320
0 0.434478 0.668594 0.030422 0.041843
0 0.988456 0.879566 0.023088 0.023930
4 0.767994 0.820070 0.030234 0.016594
4 0.722722 0.757661 0.014588 0.026384
3 0.601125 0.059395 0.023484 0.017304
3 0.588275 0.025769 0.021016 0.022741
0 0.016379 0.636852 0.032758 0.026203
3 0.083156 0.030988 0.034813 0.017320
4 0.252300 0.975930 0.037209 0.023327
0 0.342747 0.523012 0.017869 0.023477
3 0.105044 0.011172 0.039288 0.022343
0 0.413125 0.413828 0.022344 0.021874
1 0.917872 0.811253 0.029150 0.027757
2 0.990449 0.975691 0.019102 0.031273
1 0.851634 0.743148 0.021609 0.028641
0 0.430637 0.428153 0.023728 0.022523
2 0.237047 0.146223 0.031844 0.023398
2 0.714794 0.020641 0.027194 0.027532
2 0.889516 0.164202 0.024188 0.023890
2 0.410187 0.014805 0.027641 0.028845
2 0.901844 0.785120 0.024984 0.029290
2 0.199844 0.065113 0.032203 0.027539
0 0.543434 0.877457 0.030303 0.036164
0 0.572091 0.137622 0.032744 0.034289
0 0.714700 0.020898 0.029666 0.027422
0 0.644409 0.258620 0.020959 0.042274
0 0.124894 0.164828 0.029447 0.038156
0 0.402025 0.376640 0.019219 0.027720
0 0.523253 0.629102 0.042947 0.032782
0 0.880372 0.466790 0.017444 0.024579
0 0.061119 0.896528 0.029328 0.027321
0 0.890216 0.165583 0.029616 0.027195
0 0.775297 0.649492 0.047875 0.024452
0 0.958325 0.874012 0.024819 0.027727
0 0.862794 0.494507 0.024506 0.029421
0 0.672319 0.714149 0.022297 0.034828
0 0.881891 0.375503 0.024016 0.028085
0 0.967169 0.840583 0.025509 0.022852
0 0.766603 0.544070 0.034125 0.027298
0 0.904097 0.378426 0.020959 0.032665
0 0.666303 0.563083 0.038516 0.038820
0 0.892503 0.347976 0.026991 0.024827
0 0.837472 0.582824 0.038416 0.024898
0 0.649356 0.615820 0.037603 0.031249
0 0.733534 0.391593 0.027022 0.022423
0 0.489787 0.436956 0.035375 0.023055
0 0.563688 0.755254 0.036203 0.034727
0 0.110038 0.600062 0.046250 0.029280
0 0.927481 0.442879 0.022681 0.042663
0 0.836659 0.474855 0.022334 0.025915
0 0.654594 0.661973 0.029469 0.058038
0 0.816534 0.422200 0.037038 0.020039
0 0.331191 0.555723 0.026697 0.028617
0 0.174013 0.416312 0.030147 0.031078
0 0.572925 0.422894 0.041631 0.028320
0 0.378228 0.588871 0.041219 0.023555
0 0.403116 0.670684 0.034484 0.037383
0 0.931769 0.370368 0.021022 0.028734
0 0.273303 0.899734 0.031906 0.031406
0 0.087200 0.707910 0.026244 0.030867