0 0.749484 0.403945 0.029500 0.061406
0 0.523769 0.440606 0.031744 0.057539
0 0.644444 0.779527 0.027891 0.060663
0 0.448669 0.755761 0.032197 0.042727
2 0.537181 0.278667 0.023234 0.036633
2 0.328725 0.206067 0.026328 0.038789
2 0.462113 0.285785 0.026494 0.047039
3 0.601125 0.859395 0.023484 0.017304
3 0.588275 0.825769 0.021016 0.022741
3 0.083156 0.830988 0.034813 0.017320
4 0.024450 0.518566 0.014369 0.028383
2 0.145872 0.578034 0.042381 0.027398
2 0.049406 0.525117 0.033188 0.027110
3 0.105044 0.810405 0.039288 0.023876
2 0.237047 0.946223 0.031844 0.023398
0 0.212784 0.647098 0.054478 0.041273
2 0.714794 0.820641 0.027194 0.027532
2 0.296113 0.279766 0.024478 0.040500
2 0.889516 0.964202 0.024188 0.023890
2 0.410187 0.814805 0.027641 0.028845
2 0.313803 0.064289 0.033906 0.039797
2 0.199844 0.865113 0.032203 0.027539
0 0.205406 0.326456 0.021719 0.051211
0 0.572091 0.937622 0.032744 0.034289
0 0.714700 0.820898 0.029666 0.027422
0 0.124894 0.964828 0.029447 0.038156
0 0.890216 0.965583 0.029616 0.027195
0 0.042434 0.695351 0.049541 0.031359
0 0.355384 0.560817 0.036703 0.056648