0 0.995887 0.270426 0.008225 0.049868
0 0.204169 0.886614 0.029788 0.046366
0 0.912516 0.390175 0.043953 0.026759
1 0.787381 0.257552 0.066797 0.041196
0 0.976028 0.490113 0.047944 0.048241
0 0.351419 0.352933 0.045009 0.030727
0 0.791191 0.520488 0.053694 0.066633
0 0.683578 0.813595 0.030844 0.039937
0 0.361834 0.537138 0.055297 0.034962
0 0.896519 0.539230 0.037366 0.037945
0 0.457175 0.754089 0.039381 0.035665
0 0.755384 0.731516 0.030328 0.045593
0 0.657719 0.461001 0.030609 0.043985
0 0.338194 0.104359 0.038797 0.031282
0 0.232247 0.025148 0.035462 0.033891
0 0.091316 0.326664 0.054491 0.028952
0 0.109709 0.704821 0.042391 0.047187
2 0.299175 0.840266 0.035069 0.019470
3 0.836425 0.713132 0.029991 0.024907
0 0.249738 0.682802 0.036522 0.037148
0 0.195641 0.102609 0.037578 0.037095
0 0.588113 0.009961 0.047569 0.019922
0 0.358903 0.749976 0.023462 0.027499
0 0.264019 0.445827 0.037600 0.042405
0 0.622537 0.092938 0.028203 0.039563
1 0.578875 0.327355 0.035078 0.041477
0 0.939109 0.520434 0.041047 0.049493
3 0.196925 0.830734 0.025725 0.038766
0 0.539828 0.940023 0.036688 0.034952
1 0.863156 0.374301 0.063594 0.035009
0 0.442906 0.932805 0.050969 0.036734
0 0.057734 0.128845 0.036234 0.042345
0 0.311569 0.262159 0.024000 0.045211
1 0.943406 0.334422 0.044781 0.056032
2 0.508425 0.138876 0.026259 0.023766
0 0.540516 0.804700 0.049406 0.036429
0 0.370297 0.917102 0.028172 0.024438
0 0.400831 0.655645 0.029241 0.033945
0 0.092512 0.031945 0.031041 0.030124
0 0.501087 0.503688 0.036953 0.040938
0 0.867603 0.264548 0.052406 0.062280
0 0.648909 0.006254 0.033884 0.012508
0 0.410691 0.185465 0.075522 0.028446
0 0.476944 0.625745 0.044078 0.068180
0 0.454709 0.086589 0.040047 0.023290
0 0.035809 0.240011 0.069806 0.027773
0 0.421594 0.376464 0.032297 0.051054
2 0.855556 0.744250 0.028578 0.025530
0 0.765847 0.020574 0.038353 0.041147
1 0.697828 0.086636 0.069906 0.028805
1 0.570306 0.224195 0.048766 0.037547
0 0.884903 0.992589 0.032647 0.014820
1 0.810906 0.338470 0.031469 0.060827
2 0.869034 0.171855 0.018056 0.020227
1 0.708109 0.269973 0.047734 0.033680
2 0.864575 0.294140 0.019588 0.028202
2 0.742472 0.179179 0.020350 0.021328
3 0.759159 0.367464 0.031728 0.057773
3 0.625172 0.358638 0.015531 0.024509
3 0.971781 0.187640 0.016703 0.024171
3 0.120406 0.925687 0.023062 0.045359
3 0.919253 0.659973 0.065041 0.029445
3 0.459187 0.329453 0.049344 0.029280
3 0.950688 0.645116 0.016938 0.038079
3 0.643794 0.582855 0.018475 0.034118
3 0.975800 0.633058 0.018337 0.039335
3 0.070941 0.916598 0.013928 0.012180
0 0.285450 0.529335 0.032509 0.048844
0 0.603991 0.557746 0.038656 0.050196
0 0.586019 0.666461 0.031634 0.042532
0 0.211472 0.747512 0.058319 0.035993
0 0.760969 0.642782 0.044969 0.041655
2 0.132238 0.408866 0.035713 0.035578
2 0.996906 0.635535 0.006187 0.033195
2 0.974275 0.918473 0.032516 0.032102