0 0.987417 0.068220 0.025166 0.034015
0 0.957175 0.916130 0.045025 0.067898
0 0.734316 0.856530 0.033713 0.013062
2 0.360787 0.624527 0.033094 0.025976
2 0.863044 0.942539 0.022853 0.034048
3 0.977035 0.732722 0.045930 0.043024
3 0.951534 0.619934 0.039509 0.016882
3 0.988273 0.918333 0.023453 0.018007
2 0.929928 0.069253 0.028156 0.032414
0 0.454691 0.080677 0.036162 0.024898
0 0.431012 0.094284 0.027178 0.048727
0 0.825347 0.155630 0.037556 0.044836
0 0.274813 0.047156 0.030297 0.053876
0 0.425753 0.121938 0.031353 0.048251
0 0.957822 0.023407 0.020281 0.031875
0 0.494000 0.384499 0.035375 0.037500
3 0.845534 0.729942 0.031913 0.045164
2 0.323266 0.443243 0.031219 0.038360
0 0.452044 0.376043 0.032944 0.039321
0 0.522628 0.554032 0.040209 0.048188
2 0.725228 0.786164 0.095922 0.128187
0 0.419566 0.354638 0.044772 0.041773
0 0.120497 0.916624 0.033306 0.055390
0 0.032263 0.757413 0.050103 0.044203
0 0.155138 0.836367 0.038537 0.033469
0 0.987094 0.098098 0.025812 0.042991
0 0.827247 0.445577 0.028631 0.037798
0 0.715200 0.350398 0.025916 0.055048
0 0.255081 0.822567 0.045913 0.035086
0 0.505903 0.111356 0.026053 0.053070
0 0.354466 0.542063 0.033100 0.055048
0 0.478731 0.250402 0.058788 0.032820
0 0.106738 0.520282 0.035525 0.042328
0 0.188156 0.372520 0.040156 0.076259
0 0.704081 0.433359 0.074475 0.052172
0 0.795441 0.303270 0.060397 0.057258
0 0.776481 0.299426 0.025616 0.052460
0 0.200387 0.798387 0.036631 0.051415
0 0.812497 0.542902 0.037881 0.057773
0 0.078356 0.791102 0.040928 0.036968
0 0.620372 0.450445 0.029631 0.035016
0 0.258625 0.906230 0.034078 0.046336
0 0.149888 0.437972 0.034991 0.056836
0 0.533672 0.225394 0.044969 0.054898
0 0.758419 0.033375 0.037334 0.063968
0 0.715369 0.421723 0.056359 0.037430
0 0.241534 0.457003 0.034150 0.047852
0 0.621463 0.789949 0.058875 0.072023
0 0.865944 0.643247 0.041141 0.032243
0 0.899122 0.316266 0.027869 0.025470
0 0.423606 0.248187 0.033728 0.049484
0 0.832653 0.667856 0.027025 0.028540
0 0.506019 0.942187 0.019772 0.022249