0 0.490881 0.662609 0.022016 0.047531
2 0.398656 0.966731 0.028141 0.031195
2 0.754256 0.563386 0.017563 0.038571
2 0.075172 0.814816 0.032875 0.032712
0 0.269378 0.390628 0.035712 0.034195
0 0.260566 0.418905 0.025116 0.032187
0 0.015156 0.538434 0.030312 0.055774
0 0.258003 0.450593 0.031803 0.023970
0 0.459784 0.076048 0.049725 0.070155
0 0.426600 0.066405 0.025859 0.063124
0 0.120625 0.137243 0.036156 0.037235
2 0.496550 0.294738 0.042556 0.038023
0 0.735034 0.018745 0.039619 0.032773
0 0.323191 0.692911 0.031647 0.034601
2 0.284094 0.923175 0.018203 0.033054
2 0.492191 0.900745 0.044103 0.034601
2 0.009030 0.044243 0.018061 0.056782
0 0.191344 0.125831 0.093406 0.085992
0 0.920497 0.916624 0.033306 0.055390
0 0.832263 0.757413 0.050103 0.044203
0 0.453275 0.610598 0.024609 0.036007
0 0.007188 0.674234 0.014377 0.056140
0 0.180028 0.511519 0.024897 0.042790
0 0.748359 0.350491 0.027484 0.057640
0 0.955138 0.836367 0.038537 0.033469
0 0.172322 0.829001 0.024828 0.040423
0 0.463559 0.696708 0.032900 0.039054
0 0.098125 0.301605 0.058781 0.032367
0 0.476075 0.823917 0.053897 0.032632
0 0.354025 0.795047 0.053188 0.029796
0 0.543247 0.569613 0.035819 0.044555
0 0.906737 0.520282 0.035525 0.042328
0 0.520231 0.175090 0.055803 0.034008
0 0.269937 0.984195 0.035859 0.031609
0 0.130803 0.399996 0.033937 0.039616
0 0.664922 0.905625 0.050875 0.034969
0 0.091050 0.711487 0.046056 0.046915
0 0.284278 0.231804 0.026666 0.059843
0 0.984039 0.372520 0.031922 0.076259
0 0.771031 0.258966 0.044906 0.054773
0 0.609319 0.765171 0.036203 0.037470
0 0.991036 0.798387 0.017928 0.051415
0 0.878356 0.791102 0.040928 0.036968
0 0.344200 0.566918 0.040459 0.045321
0 0.355219 0.386871 0.034922 0.034038
0 0.689281 0.678218 0.035875 0.033110
0 0.949888 0.437972 0.034991 0.056836
0 0.670419 0.311173 0.041756 0.063452
0 0.113984 0.511746 0.037766 0.049132
0 0.059616 0.490195 0.035109 0.094078
0 0.262091 0.819511 0.035772 0.055071
0 0.050541 0.962327 0.030797 0.041220
0 0.769075 0.113747 0.039709 0.049132
0 0.211800 0.531520 0.027272 0.057415
0 0.210825 0.192066 0.038775 0.064165
0 0.064847 0.223289 0.046306 0.028859
0 0.580987 0.087673 0.040834 0.031235