0 0.354394 0.680559 0.027100 0.041163
0 0.026337 0.914977 0.032891 0.041407
0 0.289603 0.184575 0.031375 0.062648
0 0.217528 0.655610 0.060366 0.048422
0 0.169266 0.529270 0.042563 0.076259
0 0.163284 0.269046 0.027975 0.065859
0 0.278453 0.580997 0.044734 0.029585
0 0.582391 0.533960 0.032922 0.046015
0 0.669669 0.869726 0.032556 0.050655
0 0.341356 0.516016 0.042759 0.034141
0 0.590156 0.407761 0.038531 0.033305
0 0.691706 0.709266 0.048569 0.031891
0 0.004469 0.609778 0.008938 0.054509
0 0.555922 0.819891 0.042656 0.026187
0 0.207816 0.444405 0.028197 0.051094
0 0.805750 0.082530 0.035391 0.048626
0 0.724941 0.016973 0.055506 0.033945
0 0.470581 0.118059 0.036353 0.091413
0 0.008706 0.729370 0.017412 0.037680
0 0.288562 0.694577 0.034250 0.049423
0 0.961575 0.195809 0.037881 0.052212
0 0.160681 0.850624 0.031266 0.044859
0 0.875891 0.142622 0.036922 0.063509
0 0.700831 0.021293 0.047866 0.040898
0 0.465162 0.099616 0.028438 0.054766
0 0.596006 0.288956 0.049609 0.028085
0 0.820922 0.949001 0.034672 0.040922
0 0.614937 0.052859 0.046250 0.057359
0 0.257847 0.705030 0.060712 0.056562
0 0.543922 0.710473 0.053516 0.028507
0 0.309534 0.637484 0.050150 0.021047
0 0.397356 0.969434 0.030897 0.038960
0 0.128153 0.174370 0.032197 0.057148
0 0.034016 0.943898 0.058375 0.022922
0 0.066347 0.599168 0.038728 0.035679
0 0.010273 0.510035 0.020547 0.043289
0 0.156612 0.498047 0.053994 0.033703
0 0.557559 0.040071 0.042412 0.072609
0 0.151641 0.648511 0.034141 0.037601
0 0.741303 0.912991 0.047859 0.029250
0 0.989597 0.631430 0.020806 0.039110
0 0.060456 0.233585 0.030959 0.053735
0 0.943344 0.581946 0.056734 0.043500
0 0.505969 0.187727 0.023703 0.035609
0 0.542219 0.129403 0.031609 0.056648
0 0.601925 0.208922 0.050991 0.042047
0 0.726044 0.928727 0.025834 0.017046
0 0.645809 0.026051 0.034947 0.051884
0 0.464675 0.290175 0.026666 0.041648
0 0.637125 0.979552 0.026984 0.023632
0 0.920059 0.013605 0.025334 0.027070
0 0.202675 0.625894 0.030928 0.026445
0 0.707641 0.246124 0.040594 0.034610
0 0.759672 0.967395 0.029234 0.018914
0 0.441106 0.006687 0.025650 0.013312
0 0.629409 0.065688 0.022319 0.025577
0 0.553703 0.329562 0.024406 0.030907
0 0.509672 0.335395 0.047641 0.038866
2 0.379944 0.410348 0.022594 0.031008
3 0.624316 0.935320 0.022572 0.040563
2 0.316906 0.935081 0.019906 0.035477
0 0.640944 0.179888 0.046891 0.031085
3 0.251400 0.990863 0.039984 0.018275
0 0.576744 0.152747 0.022500 0.050180
2 0.408028 0.604535 0.034959 0.024851
2 0.231859 0.902430 0.020297 0.021907
0 0.569522 0.260548 0.023609 0.019845
0 0.597553 0.122280 0.032187 0.038923