4 0.694391 0.110595 0.030344 0.023501
0 0.124425 0.271305 0.044584 0.041360
3 0.621313 0.942345 0.037047 0.021281
0 0.296544 0.953163 0.054569 0.041796
4 0.644672 0.112652 0.022062 0.023273
3 0.826063 0.813380 0.016078 0.029883
0 0.360534 0.451891 0.026884 0.053749
0 0.794894 0.920304 0.023319 0.021298
0 0.306956 0.589366 0.040009 0.030766
0 0.804941 0.482723 0.028478 0.062163
3 0.890528 0.940852 0.014494 0.018579
3 0.923200 0.939532 0.019728 0.021954
0 0.438047 0.885942 0.080141 0.037008
0 0.788606 0.886411 0.030353 0.018445
0 0.821513 0.911618 0.021119 0.040500
0 0.636131 0.992770 0.027453 0.014460
0 0.991462 0.840926 0.017077 0.042539
0 0.444559 0.813028 0.035350 0.028929
0 0.073481 0.441077 0.033662 0.036188
3 0.651691 0.155058 0.016166 0.022680