3 0.213431 0.013880 0.023109 0.027696
0 0.582281 0.111335 0.030875 0.038468
0 0.321703 0.174312 0.033688 0.061312
0 0.664391 0.493366 0.038406 0.039171
0 0.804472 0.394472 0.034584 0.072616
0 0.340294 0.239655 0.054384 0.055798
0 0.082597 0.423345 0.040744 0.048281
0 0.827153 0.358730 0.043678 0.034727
0 0.940066 0.090101 0.035412 0.049249
0 0.043487 0.291563 0.026913 0.034845
0 0.708578 0.985395 0.048859 0.029211
2 0.575828 0.673922 0.018797 0.032843
2 0.855825 0.461789 0.032525 0.028938
0 0.894988 0.698137 0.029056 0.033040
2 0.804962 0.804434 0.036328 0.029789
0 0.804784 0.212250 0.021072 0.018984
0 0.699112 0.580036 0.028837 0.042040
0 0.854044 0.545309 0.050272 0.029913
0 0.280162 0.194777 0.030844 0.033523
0 0.813066 0.524430 0.049459 0.031390
0 0.979444 0.239011 0.038375 0.032648
0 0.938309 0.268605 0.025025 0.042070
0 0.807147 0.474909 0.044937 0.062852
0 0.844491 0.373758 0.042734 0.023890
0 0.749006 0.589634 0.024063 0.046249
2 0.254003 0.121015 0.030944 0.045234
3 0.833778 0.872562 0.020131 0.034266
0 0.735512 0.549984 0.026181 0.040125
0 0.206856 0.261855 0.024944 0.036680
0 0.781697 0.700833 0.028125 0.029852
0 0.709013 0.486277 0.025647 0.030305
0 0.191766 0.464559 0.041844 0.045195
0 0.868050 0.165593 0.037181 0.037516
2 0.595844 0.213837 0.027187 0.031423
0 0.719459 0.063848 0.057937 0.032618
2 0.264169 0.822855 0.028150 0.032257
0 0.078028 0.282996 0.030384 0.059337
0 0.660734 0.282703 0.035375 0.035484
0 0.174637 0.081879 0.027678 0.042070
0 0.648516 0.771469 0.032031 0.042532
0 0.612394 0.047852 0.036119 0.051984
0 0.308688 0.344409 0.047328 0.026618
0 0.213263 0.391383 0.040306 0.066874
0 0.828781 0.058821 0.032891 0.047890
0 0.104875 0.721219 0.059703 0.042750
0 0.953319 0.799723 0.026734 0.036523
0 0.114187 0.973254 0.030516 0.048602
0 0.155528 0.160308 0.048431 0.072602